0.000000
0.000000
0.000000
0.000000
0.000000
0.000000
0.000000
6.099060
6.103700
6.108346
6.099060
6.103700
6.108346
6.099060
6.103700
6.108346
6.099060
6.103700
6.108346
6.099060
6.103700
6.108346
6.099060
6.103700
6.108346
6.103700
6.108346
6.649060
0.000000
7.199060
7.203700
7.208346
0.000000
8.299060
8.303700
8.308346
0.000000
9.399060
9.403700
9.408346
0.000000
10.499060
10.503700
10.508346
0.000000
11.599060
11.603700
11.608346
0.000000
12.149060
12.153700
12.158346
0.000000
13.249060
13.253700
13.258346
0.000000
14.349060
14.353700
14.358346
0.000000
15.449060
15.453700
15.458346
0.000000
0.000000
0.000000
0.000000
0.000000
0.000000
0.000000
0.000000
0.000000
0.000000
0.000000
0.000000
0.000000
0.000000
0.000000
0.000000
0.000000
0.000000
0.000000
0.000000
0.000000
0.000000
0.000000
0.000000
0.000000
0.000000
0.000000
0.000000
0.000000
0.000000
0.000000
0.000000
0.000000
0.000000
0.000000
0.000000
0.000000
52.299060
52.303700
52.308346
0.000000
53.399060
53.403700
53.408346
0.000000
54.499060
54.503700
54.508346
0.000000
55.599060
55.603700
55.608346
0.000000
56.149060
56.153700
56.158346
0.000000
0.000000
0.000000
0.000000
0.000000
0.000000
0.000000
0.000000
0.000000
0.000000
66.599060
66.603700
0.000000
67.149060
67.153700
66.608408
67.158346
0.000000
68.249060
68.253700
68.258346
0.000000
69.349060
69.353700
69.358346
0.000000
70.449060
70.453700
70.458346
0.000000
0.000000
0.000000
0.000000
0.000000
0.000000
76.503700
76.499122
76.508408
0.000000
77.599060
77.603700
77.608346
0.000000
78.149060
78.153700
78.158346
0.000000
79.249060
79.253700
79.258346
0.000000
80.349060
80.353700
80.358346
0.000000
81.449060
81.453700
81.458346
0.000000
0.000000
0.000000
0.000000
0.000000
0.000000
0.000000
0.000000
0.000000
0.000000
0.000000
0.000000
0.000000
0.000000
0.000000
0.000000
0.000000
0.000000
