0.000000
0.000000
0.000000
0.000000
0.000000
0.000000
0.000000
0.000000
0.000000
0.000000
0.000000
0.000000
0.000000
0.000000
0.000000
0.000000
0.000000
0.000000
0.000000
0.000000
0.000000
0.000000
21.499060
21.508346
21.503700
0.000000
22.603706
0.000000
22.599060
21.499060
22.603700
22.608346
21.503700
22.608346
23.153706
23.149060
23.703706
23.153700
23.158346
0.000000
22.599060
21.499060
22.603700
23.708346
21.503700
23.708346
24.253706
24.253706
24.249060
23.149060
24.253700
24.803706
23.153700
24.258346
24.258346
0.000000
22.599060
21.499060
22.603700
24.808346
21.503700
24.808346
25.353706
25.353706
25.353706
25.349060
24.249060
25.353700
23.149060
24.253700
25.903706
23.153700
25.358346
25.358346
25.358346
0.000000
22.599060
21.499060
22.603700
25.908346
21.503700
25.908346
26.453706
26.453706
26.453706
26.453706
0.000000
27.549060
0.000000
28.649060
0.000000
29.199060
0.000000
30.299060
0.000000
31.399060
0.000000
32.499060
32.503706
32.508340
0.000000
33.599060
33.603706
33.608340
0.000000
34.149060
34.153706
34.158340
0.000000
35.249060
35.253706
35.258340
0.000000
36.349060
36.353706
36.358340
0.000000
37.449060
37.453706
37.458340
0.000000
38.549060
38.553706
38.558340
0.000000
39.103706
39.108340
39.649060
0.000000
40.199060
40.203706
40.208340
0.000000
41.299060
41.303706
41.308340
0.000000
0.000000
0.000000
0.000000
0.000000
0.000000
0.000000
0.000000
0.000000
0.000000
0.000000
0.000000
0.000000
0.000000
0.000000
0.000000
57.249060
57.253706
57.258340
0.000000
58.349060
58.353706
58.358340
0.000000
59.449060
59.453706
59.458340
0.000000
60.549060
60.553706
60.558340
0.000000
61.103706
61.108340
61.649060
0.000000
0.000000
0.000000
0.000000
0.000000
0.000000
0.000000
0.000000
0.000000
0.000000
0.000000
0.000000
0.000000
0.000000
0.000000
0.000000
0.000000
0.000000
0.000000
0.000000
0.000000
0.000000
0.000000
0.000000
0.000000
0.000000
87.499060
87.503706
87.508340
0.000000
88.599060
88.603706
88.608340
0.000000
89.149060
89.153706
89.158340
0.000000
90.249060
90.253706
90.258340
0.000000
91.349060
91.353706
91.358340
0.000000
92.453706
92.458340
92.449060
92.458346
0.000000
93.553706
93.558340
92.458340
93.553706
0.000000
93.549060
94.108340
92.449060
93.558346
93.558346
94.103706
94.653706
93.558340
92.458340
94.653706
94.108346
0.000000
94.649060
95.208340
93.549060
94.108340
92.449060
94.658346
94.658346
95.203706
95.203706
95.199060
95.753706
93.558340
92.458340
95.753706
95.208346
95.208346
0.000000
94.649060
96.308340
95.208340
93.549060
94.108340
92.449060
95.758346
95.758346
96.303706
96.303706
96.303706
0.000000
0.000000
0.000000
