0.000000
0.000000
0.000000
0.000000
0.000000
0.000000
0.000000
6.122218
6.122218
6.122300
6.136058
6.136058
6.136140
6.149898
6.149898
6.149980
6.163738
6.163738
6.163820
6.177578
6.177578
6.177660
6.191418
6.191418
6.191500
6.205258
6.205340
6.672218
0.000000
7.222218
7.222218
7.222300
0.000000
8.322218
8.322218
8.322300
0.000000
9.422218
9.422218
9.422300
0.000000
10.522218
10.522218
10.522300
0.000000
11.622218
11.622218
11.622300
0.000000
12.172218
12.172218
12.172300
0.000000
13.272218
13.272218
13.272300
0.000000
14.372218
14.372218
14.372300
0.000000
15.472218
15.472218
15.472300
0.000000
0.000000
0.000000
0.000000
0.000000
0.000000
0.000000
0.000000
0.000000
0.000000
0.000000
0.000000
0.000000
0.000000
0.000000
0.000000
0.000000
0.000000
0.000000
0.000000
0.000000
0.000000
0.000000
0.000000
0.000000
0.000000
0.000000
0.000000
0.000000
0.000000
0.000000
0.000000
0.000000
0.000000
0.000000
0.000000
0.000000
52.322218
52.322218
52.322300
0.000000
53.422218
53.422218
53.422300
0.000000
54.522218
54.522218
54.522300
0.000000
55.622218
55.622218
55.622300
0.000000
56.172218
56.172218
56.172300
0.000000
0.000000
0.000000
0.000000
0.000000
0.000000
0.000000
0.000000
0.000000
0.000000
66.622218
66.622218
0.000000
67.172218
67.172218
67.172300
67.186140
0.000000
68.272218
68.272218
68.272300
0.000000
69.372218
69.372218
69.372300
0.000000
70.472218
70.472218
70.472300
0.000000
0.000000
0.000000
0.000000
0.000000
0.000000
76.522218
77.072300
77.086140
0.000000
77.622218
77.622218
77.622300
0.000000
78.172218
78.172218
78.172300
0.000000
79.272218
79.272218
79.272300
0.000000
80.372218
80.372218
80.372300
0.000000
81.472218
81.472218
81.472300
0.000000
0.000000
0.000000
0.000000
0.000000
0.000000
0.000000
0.000000
0.000000
0.000000
0.000000
0.000000
0.000000
0.000000
0.000000
0.000000
0.000000
0.000000
