0.000000
0.000000
0.000000
0.000000
0.000000
0.000000
0.000000
0.000000
0.000000
0.000000
0.000000
0.000000
0.000000
0.000000
0.000000
0.000000
0.000000
0.000000
0.000000
0.000000
0.000000
0.000000
0.000000
0.000000
0.000000
0.000000
0.000000
0.000000
0.000000
0.000000
0.000000
0.000000
0.000000
0.000000
0.000000
0.000000
0.000000
0.000000
0.000000
0.000000
0.000000
0.000000
0.000000
42.399122
42.403762
42.408408
0.000000
43.499122
43.503762
43.508408
0.000000
44.599122
44.603762
44.608408
0.000000
45.149122
45.153762
45.158408
0.000000
46.249122
46.253762
46.258408
0.000000
47.349122
47.353762
47.358408
0.000000
48.449122
48.453762
48.458408
0.000000
49.549122
49.553762
49.558408
0.000000
50.103762
50.108408
50.649122
0.000000
51.199122
51.203762
51.208408
0.000000
0.000000
0.000000
0.000000
0.000000
0.000000
0.000000
0.000000
0.000000
0.000000
0.000000
62.199122
61.649060
62.208408
62.203762
0.000000
63.299122
63.303762
63.308408
0.000000
64.399122
64.403762
64.408408
0.000000
65.499122
65.503762
65.508408
0.000000
66.608408
0.000000
0.000000
0.000000
0.000000
0.000000
71.549122
71.553762
0.000000
72.103762
72.108408
72.649122
0.000000
73.199122
73.203762
73.208408
0.000000
74.299122
74.303762
74.308408
0.000000
75.399122
75.403762
75.408408
0.000000
76.499122
76.508408
0.000000
0.000000
0.000000
0.000000
0.000000
0.000000
0.000000
0.000000
0.000000
0.000000
0.000000
0.000000
0.000000
0.000000
0.000000
0.000000
0.000000
0.000000
0.000000
0.000000
0.000000
0.000000
0.000000
