0.000000
0.000000
0.000000
0.000000
0.000000
0.000000
0.000000
0.000000
0.000000
0.000000
0.000000
0.000000
0.000000
0.000000
0.000000
0.000000
0.000000
0.000000
0.000000
0.000000
0.000000
0.000000
0.000000
0.000000
0.000000
0.000000
0.000000
0.000000
0.000000
0.000000
0.000000
0.000000
0.000000
0.000000
0.000000
0.000000
0.000000
0.000000
0.000000
0.000000
0.000000
0.000000
0.000000
42.422218
42.422218
42.422326
0.000000
43.522218
43.522218
43.522326
0.000000
44.622218
44.622218
44.622326
0.000000
45.172218
45.172218
45.172326
0.000000
46.272218
46.272218
46.272326
0.000000
47.372218
47.372218
47.372326
0.000000
48.472218
48.472218
48.472326
0.000000
49.572218
49.572218
49.572326
0.000000
50.122218
50.122326
50.672218
0.000000
51.222218
51.222218
51.222326
0.000000
0.000000
0.000000
0.000000
0.000000
0.000000
0.000000
0.000000
0.000000
0.000000
0.000000
62.222218
62.222218
62.222326
62.236058
0.000000
63.322218
63.322218
63.322326
0.000000
64.422218
64.422218
64.422326
0.000000
65.522218
65.522218
65.522326
0.000000
66.622326
0.000000
0.000000
0.000000
0.000000
0.000000
71.572218
71.572218
0.000000
72.122218
72.122326
72.672218
0.000000
73.222218
73.222218
73.222326
0.000000
74.322218
74.322218
74.322326
0.000000
75.422218
75.422218
75.422326
0.000000
76.522218
76.522326
0.000000
0.000000
0.000000
0.000000
0.000000
0.000000
0.000000
0.000000
0.000000
0.000000
0.000000
0.000000
0.000000
0.000000
0.000000
0.000000
0.000000
0.000000
0.000000
0.000000
0.000000
0.000000
0.000000
