0.000000
0.000000
0.000000
0.000000
0.000000
0.000000
0.000000
0.000000
0.000000
0.000000
0.000000
0.000000
0.000000
0.000000
0.000000
0.000000
0.000000
16.558346
16.553700
0.000000
17.108346
17.103700
17.649060
0.000000
18.199060
18.208346
18.203700
0.000000
19.299060
19.308346
19.303700
0.000000
20.399060
20.408346
20.403700
0.000000
21.499060
21.508346
21.503700
0.000000
22.599060
21.499060
22.603700
22.608346
21.503700
22.608346
0.000000
23.149060
22.603706
23.153700
23.158346
22.599060
21.499060
22.603700
23.708346
21.503700
23.708346
23.153706
0.000000
24.249060
23.149060
24.253700
23.703706
23.153700
24.258346
24.258346
22.599060
21.499060
22.603700
24.808346
21.503700
24.808346
24.253706
24.253706
0.000000
25.349060
24.249060
25.353700
23.149060
24.253700
24.803706
23.153700
25.358346
25.358346
25.358346
22.599060
21.499060
22.603700
25.908346
21.503700
25.908346
25.353706
25.353706
25.353706
0.000000
26.449060
25.349060
26.453700
24.249060
25.353700
23.149060
24.253700
25.903706
23.153700
26.458346
26.458346
26.458346
26.458346
22.599060
21.499060
22.603700
27.008346
21.503700
27.008346
0.000000
26.453706
26.453706
26.453706
26.453706
27.558346
27.553700
0.000000
27.549060
28.103700
28.108346
0.000000
28.649060
29.203700
29.208346
29.199060
0.000000
30.308346
30.303700
30.299060
0.000000
31.408346
31.403700
0.000000
0.000000
0.000000
0.000000
0.000000
0.000000
0.000000
0.000000
0.000000
0.000000
0.000000
0.000000
0.000000
0.000000
0.000000
0.000000
0.000000
0.000000
0.000000
0.000000
0.000000
0.000000
0.000000
0.000000
0.000000
0.000000
0.000000
0.000000
0.000000
0.000000
0.000000
0.000000
0.000000
0.000000
0.000000
0.000000
0.000000
0.000000
0.000000
0.000000
0.000000
0.000000
0.000000
0.000000
0.000000
0.000000
0.000000
0.000000
0.000000
0.000000
0.000000
82.549060
82.558346
82.553700
0.000000
83.108346
83.103700
83.649060
0.000000
84.199060
84.208346
84.203700
0.000000
85.299060
85.308346
85.303700
0.000000
86.399060
86.408346
86.403700
0.000000
0.000000
0.000000
0.000000
0.000000
0.000000
92.449060
92.458346
92.453706
92.458340
0.000000
93.549060
92.449060
93.558346
93.558346
0.000000
93.553706
93.558340
92.458340
93.553706
94.108346
94.649060
93.549060
94.108340
92.449060
94.658346
94.658346
94.103706
0.000000
95.199060
94.653706
93.558340
92.458340
94.653706
95.208346
95.208346
94.649060
95.208340
93.549060
94.108340
92.449060
95.758346
95.758346
95.203706
95.203706
0.000000
96.299060
95.199060
95.753706
93.558340
92.458340
95.753706
96.308346
96.308346
96.308346
94.649060
96.308340
95.208340
93.549060
94.108340
92.449060
96.858346
96.858346
96.303706
96.303706
96.303706
0.000000
97.399060
97.408346
97.403700
0.000000
98.499060
98.508346
98.503700
0.000000
99.599060
99.608346
99.603700
