0.000000
0.000000
0.000000
0.000000
0.000000
0.000000
0.000000
0.000000
0.000000
0.000000
0.000000
0.000000
0.000000
0.000000
0.000000
0.000000
0.000000
0.000000
0.000000
0.000000
0.000000
0.000000
22.072237
22.086077
22.099917
0.000000
22.622237
0.000000
23.172237
23.186077
23.199917
23.213757
23.227597
23.241437
23.255277
23.722237
23.736077
23.749917
23.763757
0.000000
24.272237
24.286077
24.299917
24.313757
24.327597
24.341437
24.355277
24.369117
24.822237
24.836077
24.849917
24.863757
24.877597
24.891437
24.905277
0.000000
25.372237
25.386077
25.399917
25.413757
25.427597
25.441437
25.455277
25.469117
25.482957
25.922237
25.936077
25.949917
25.963757
25.977597
25.991437
26.005277
26.019117
26.032957
26.046797
0.000000
26.472237
26.486077
26.499917
26.513757
26.527597
26.541437
26.555277
26.569117
26.582957
26.596797
0.000000
27.572218
0.000000
28.672218
0.000000
29.222218
0.000000
30.322218
0.000000
31.422218
0.000000
32.522218
32.522237
32.522281
0.000000
33.622218
33.622237
33.622281
0.000000
34.172218
34.172237
34.172281
0.000000
35.272218
35.272237
35.272281
0.000000
36.372218
36.372237
36.372281
0.000000
37.472218
37.472237
37.472281
0.000000
38.572218
38.572237
38.572281
0.000000
39.122237
39.122281
39.672218
0.000000
40.222218
40.222237
40.222281
0.000000
41.322218
41.322237
41.322281
0.000000
0.000000
0.000000
0.000000
0.000000
0.000000
0.000000
0.000000
0.000000
0.000000
0.000000
0.000000
0.000000
0.000000
0.000000
0.000000
57.272218
57.272237
57.272281
0.000000
58.372218
58.372237
58.372281
0.000000
59.472218
59.472237
59.472281
0.000000
60.572218
60.572237
60.572281
0.000000
61.122237
61.122281
61.672218
0.000000
0.000000
0.000000
0.000000
0.000000
0.000000
0.000000
0.000000
0.000000
0.000000
0.000000
0.000000
0.000000
0.000000
0.000000
0.000000
0.000000
0.000000
0.000000
0.000000
0.000000
0.000000
0.000000
0.000000
0.000000
0.000000
87.522218
87.522237
87.522281
0.000000
88.622218
88.622237
88.622281
0.000000
89.172218
89.172237
89.172281
0.000000
90.272218
90.272237
90.272281
0.000000
91.372218
91.372237
91.372281
0.000000
92.472237
92.472281
93.022237
93.036077
0.000000
93.572237
93.572281
93.586077
93.599917
0.000000
94.122237
94.122281
94.136077
94.149917
94.163757
94.177597
94.672237
94.686077
94.699917
94.713757
94.727597
0.000000
95.222237
95.222281
95.236077
95.249917
95.263757
95.277597
95.291437
95.305277
95.319117
95.772237
95.786077
95.799917
95.813757
95.827597
95.841437
95.855277
0.000000
96.322237
96.322281
96.336077
96.349917
96.363757
96.377597
96.391437
96.405277
96.419117
96.432957
96.446797
0.000000
0.000000
0.000000
