0.000000
0.000000
0.000000
0.000000
0.000000
0.000000
0.000000
0.000000
0.000000
0.000000
0.000000
0.000000
0.000000
0.000000
0.000000
0.000000
0.000000
16.572263
16.572281
0.000000
17.122263
17.122281
17.672218
0.000000
18.222218
18.222263
18.222281
0.000000
19.322218
19.322263
19.322281
0.000000
20.422218
20.422263
20.422281
0.000000
21.522218
21.522263
21.522281
0.000000
22.622218
22.622263
22.622281
22.636103
22.649943
22.663783
0.000000
23.172218
23.172263
23.172281
23.186103
23.722263
23.736103
23.749943
23.763783
23.777623
23.791463
23.805303
0.000000
24.272218
24.272263
24.272281
24.286103
24.299943
24.313783
24.327623
24.822263
24.836103
24.849943
24.863783
24.877623
24.891463
24.905303
24.919143
0.000000
25.372218
25.372263
25.372281
25.386103
25.399943
25.413783
25.427623
25.441463
25.455303
25.469143
25.922263
25.936103
25.949943
25.963783
25.977623
25.991463
26.005303
26.019143
26.032983
0.000000
26.472218
26.472263
26.472281
26.486103
26.499943
26.513783
26.527623
26.541463
26.555303
26.569143
26.582983
26.596823
26.610663
27.022263
27.036103
27.049943
27.063783
27.077623
27.091463
0.000000
27.105303
27.119143
27.132983
27.146823
27.572263
27.572281
0.000000
28.122263
28.122281
28.136103
0.000000
29.222263
29.222281
29.236103
29.772263
0.000000
30.322263
30.322281
30.872263
0.000000
31.422263
31.422281
0.000000
0.000000
0.000000
0.000000
0.000000
0.000000
0.000000
0.000000
0.000000
0.000000
0.000000
0.000000
0.000000
0.000000
0.000000
0.000000
0.000000
0.000000
0.000000
0.000000
0.000000
0.000000
0.000000
0.000000
0.000000
0.000000
0.000000
0.000000
0.000000
0.000000
0.000000
0.000000
0.000000
0.000000
0.000000
0.000000
0.000000
0.000000
0.000000
0.000000
0.000000
0.000000
0.000000
0.000000
0.000000
0.000000
0.000000
0.000000
0.000000
0.000000
0.000000
82.572218
82.572263
82.572281
0.000000
83.122263
83.122281
83.672218
0.000000
84.222218
84.222263
84.222281
0.000000
85.322218
85.322263
85.322281
0.000000
86.422218
86.422263
86.422281
0.000000
0.000000
0.000000
0.000000
0.000000
0.000000
92.472218
92.472263
93.022263
93.036103
0.000000
93.572218
93.572263
93.586103
93.599943
0.000000
94.122263
94.136103
94.149943
94.163783
94.177623
94.672218
94.672263
94.686103
94.699943
94.713783
94.727623
94.741463
0.000000
95.222218
95.222263
95.236103
95.249943
95.263783
95.277623
95.291463
95.772263
95.786103
95.799943
95.813783
95.827623
95.841463
95.855303
95.869143
95.882983
0.000000
96.322218
96.322263
96.336103
96.349943
96.363783
96.377623
96.391463
96.405303
96.419143
96.872263
96.886103
96.899943
96.913783
96.927623
96.941463
96.955303
96.969143
96.982983
96.996823
97.010663
0.000000
97.422218
97.422263
97.422281
0.000000
98.522218
98.522263
98.522281
0.000000
99.622218
99.622263
99.622281
