1.129910
1.815110
3.965110
7.715110
8.265110
8.815486
9.365486
11.515110
12.079910
13.679910
15.279910
15.830286
16.315110
16.865110
17.415110
17.980286
18.529910
19.065110
22.265110
23.865110
25.479910
28.665110
31.865110
33.965110
37.165110
42.265110
42.815110
44.965110
45.515110
47.665110
49.815486
53.565110
54.115110
57.315110
57.865110
59.765110
61.915110
63.515110
67.015110
67.565110
71.315110
71.865110
74.015110
75.615110
76.165110
78.315110
78.865110
79.415110
83.165110
83.715110
87.215110
89.365110
89.915110
92.065110
92.615110
93.165110
94.765110
96.665110
97.215110
100.415110
102.015110
103.615110
104.165110
104.715486
106.315110
107.915110
109.515110
112.715110
115.915110
116.465110
118.065110
119.965110
121.565110
123.715110
124.265110
125.865110
128.015110
129.915110
132.065110
135.265110
136.865110
138.465110
139.015110
140.915110
144.665110
150.029910
152.165110
152.715110
156.465110
157.015110
159.165110
164.515110
165.065110
167.215110
172.565110
174.165110
175.765110
176.315110
181.415110
183.015110
183.565110
184.115110
184.665110
191.365110
198.315110
