2.715110
4.315110
7.815110
9.915486
13.665110
15.815486
17.965486
21.715486
24.915110
28.415110
28.965110
29.515110
30.065110
31.665110
33.265110
34.865110
36.465110
38.365486
40.515110
44.265110
44.815110
46.415110
49.615486
50.165486
52.315110
52.865110
53.415110
58.515110
59.065110
61.215110
61.765110
63.915110
65.515110
66.065110
66.615110
67.165110
67.715110
68.265110
70.165110
70.715110
74.465110
75.015110
80.365110
80.915110
81.465110
82.015110
82.565110
84.715110
85.265110
86.865110
88.465110
89.015110
91.165110
91.715110
92.265110
100.565110
102.715110
105.915110
107.815110
108.365110
110.515110
112.665110
114.815110
116.415110
118.015110
120.165110
121.765110
123.665110
125.815110
129.015110
134.115110
134.665110
135.215110
136.815110
137.365110
139.515110
141.115110
142.715110
144.615110
146.765110
148.915110
149.465110
150.015110
154.815110
156.715110
158.865110
160.465110
162.065110
163.665110
168.765110
169.315110
173.065110
175.215110
176.815110
178.415110
181.915110
183.515110
184.065110
184.615110
185.165110
185.715110
187.865110
188.415110
190.565110
191.115110
193.265110
193.815110
194.365110
194.915110
196.515110
198.115110
199.715110
