1.159510
3.415110
4.965110
6.865110
7.415110
9.015110
9.565110
11.165110
19.415110
19.965110
25.315110
26.915110
28.515110
30.665110
32.829910
34.429910
36.015110
38.165110
40.315110
43.515110
44.065110
45.979910
48.115486
49.730286
53.215110
56.965110
58.565110
60.465110
61.029910
62.629910
67.744710
69.315110
69.865110
72.015110
75.529910
77.665110
79.265110
79.829910
81.979910
82.529910
83.065110
86.565110
88.715110
92.480286
94.065486
95.665486
96.229910
98.115110
101.315110
104.515110
105.065110
106.665110
108.565110
110.715110
112.315110
114.215110
115.815110
117.415110
119.015110
122.515110
126.265110
130.029910
130.579910
132.729910
134.879910
136.479910
138.065110
140.229910
141.815110
142.365110
143.965110
153.865110
157.065110
157.615110
161.115110
163.265110
165.415110
165.965110
168.115110
169.715110
170.265110
171.865110
175.365110
177.515110
178.065110
180.215110
183.965110
184.515110
185.065110
186.665110
188.815110
190.415110
190.965110
196.315110
