1.665110
5.115110
6.715110
7.265110
9.165110
11.315110
14.515110
17.665110
19.265110
19.815110
21.965110
23.565110
25.165110
28.665110
32.365110
37.765110
39.915110
43.665110
44.215110
45.815110
47.965110
51.465110
53.065110
53.615110
55.215110
56.815110
58.715110
60.315110
60.865110
62.765110
67.565110
69.465110
71.615110
72.165110
73.765110
75.365110
77.515110
79.415110
79.965110
82.115110
82.665110
83.215110
84.815110
86.415110
86.965110
89.115110
92.315110
95.815110
96.365110
97.965110
104.665110
106.815110
108.415110
108.965110
112.465110
114.065110
119.165110
120.765110
122.365110
122.915110
126.665110
128.265110
129.865110
130.415110
132.565110
133.115110
139.815110
141.965110
147.315110
148.915110
150.515110
153.715110
157.215110
157.765110
160.965110
161.515110
163.115110
163.665110
165.815110
166.365110
167.965110
169.865110
172.015110
173.615110
175.765110
177.365110
177.915110
178.465110
180.065110
182.215110
183.815110
184.365110
184.915110
188.415110
190.565110
192.715110
196.465110
198.065110
199.665110
