1.665110
2.215110
7.565110
8.115110
8.665110
9.215110
9.765110
11.915110
15.415110
15.965110
16.515110
17.065110
17.615110
18.165110
18.715110
33.615110
37.315110
38.915110
40.515110
42.115110
42.665110
43.215110
45.365110
45.915110
48.065110
49.665110
50.215110
51.815110
53.415110
53.965110
57.465110
58.015110
59.615110
61.765110
63.665110
65.265110
66.865110
67.415110
69.565110
71.165110
71.715110
72.265110
75.765110
76.315110
78.465110
79.015110
79.565110
83.315110
83.865110
87.065110
87.615110
89.215110
89.765110
90.315110
91.915110
92.465110
93.015110
94.915110
96.515110
97.065110
103.765110
104.315110
116.065110
118.215110
119.815110
123.315110
123.865110
126.015110
128.165110
129.765110
130.315110
131.915110
138.615110
139.165110
140.765110
141.315110
144.515110
146.665110
149.865110
152.015110
152.565110
156.315110
156.865110
157.415110
159.015110
159.565110
161.165110
162.765110
164.365110
164.915110
165.465110
167.065110
167.615110
169.215110
170.815110
175.915110
178.065110
179.665110
181.265110
183.165110
183.715110
184.265110
186.415110
188.015110
191.765110
193.365110
194.965110
196.565110
198.165110
198.715110
