1.115110
3.415110
5.565110
7.165110
8.765110
9.315110
9.865110
11.465110
12.015110
12.565110
14.165110
15.765110
16.315110
17.915110
19.515110
21.665110
22.215110
22.765110
23.315110
23.865110
30.565110
32.115110
32.665110
34.565110
36.715110
38.315110
39.915110
43.115110
43.665110
44.215110
45.815110
47.415110
49.565110
50.115110
53.865110
54.415110
54.965110
55.515110
59.015110
64.365110
65.965110
67.865110
68.415110
70.015110
71.615110
72.165110
75.915110
76.465110
78.065110
80.215110
82.365110
83.965110
86.115110
88.015110
91.215110
91.765110
92.315110
92.865110
96.365110
100.115110
101.715110
102.265110
105.765110
106.315110
110.065110
110.615110
111.165110
111.715110
118.665110
122.415110
122.965110
126.165110
127.765110
129.615110
130.165110
130.715110
132.865110
136.615110
140.365110
140.915110
143.065110
145.215110
147.365110
148.965110
157.265110
159.415110
161.565110
163.165110
163.715110
165.315110
165.865110
167.465110
168.015110
170.165110
170.715110
171.265110
171.815110
172.365110
174.515110
176.115110
181.215110
181.765110
183.915110
187.665110
191.415110
191.965110
193.565110
195.165110
197.315110
