3.265110
5.415110
8.915110
9.465110
11.615110
12.165110
15.915110
21.265110
21.815110
22.365110
22.915110
23.465110
25.615110
30.415110
32.265110
32.815110
34.415110
36.565110
43.265110
43.815110
49.165110
49.715486
53.465110
54.015486
54.565110
55.115110
57.265110
58.865110
59.415110
64.215110
66.115110
67.729910
68.279910
71.765110
73.929910
76.065110
79.815110
80.379910
85.715110
86.265110
87.865110
91.365486
91.915110
92.465486
93.015110
94.615110
96.765110
98.365110
101.865110
104.015110
105.615110
106.165110
106.715110
109.915110
110.465110
111.015110
111.565110
112.115110
115.315110
116.915110
118.515110
120.665110
122.815110
127.915110
129.465110
130.015110
130.565110
131.115110
134.865110
136.465110
137.015110
140.765110
142.915110
143.465110
145.065110
145.615110
149.115110
152.315110
155.515110
157.115110
159.265110
159.815110
161.415110
163.315110
165.465110
167.615110
168.165110
170.315110
170.865110
171.415110
171.965110
172.515110
179.465110
181.065110
181.615110
182.165110
184.315110
187.515110
189.665110
191.265110
191.815110
196.915110
