4.465110
7.665110
8.165110
9.765110
10.315110
11.915110
15.665110
17.815110
18.365110
19.965110
21.565110
25.065110
26.665110
28.265110
28.815110
29.365110
29.915110
36.615110
38.215110
38.765110
42.515110
44.115110
44.665110
49.765110
50.315110
52.465110
53.015110
53.565110
56.765110
58.365110
58.915110
59.465110
61.065110
61.615110
62.165110
63.765110
65.665110
66.215110
66.765110
67.315110
67.865110
68.415110
70.015110
70.565110
74.315110
74.865110
75.415110
80.765110
81.315110
81.865110
82.415110
84.565110
85.115110
88.615110
90.765110
91.315110
91.865110
92.415110
94.015110
95.615110
97.215110
100.415110
100.965110
106.065110
107.665110
108.215110
110.365110
110.915110
112.515110
113.065110
114.665110
118.165110
121.915110
123.515110
124.065110
125.665110
129.165110
130.765110
132.365110
133.965110
134.515110
135.065110
136.965110
139.115110
142.865110
144.465110
146.615110
147.165110
148.765110
149.315110
149.865110
154.965110
156.565110
157.115110
158.715110
163.815110
165.415110
167.015110
169.165110
169.715110
172.915110
173.465110
175.065110
178.565110
180.165110
183.665110
184.215110
184.765110
185.315110
185.865110
188.015110
190.165110
190.715110
191.265110
193.415110
193.965110
194.515110
