0.000000
0.000000
0.000000
0.000000
0.000000
0.000000
0.000000
0.000000
0.000000
0.000000
0.000000
0.000000
0.000000
0.000000
0.000000
0.000000
0.000000
0.000000
0.000000
0.000000
0.000000
0.000000
0.000000
0.000000
0.000000
0.000000
0.000000
0.000000
0.000000
0.000000
0.000000
0.000000
0.000000
0.000000
0.000000
0.000000
0.000000
0.000000
0.000000
0.000000
0.000000
0.000000
0.000000
0.000000
0.000000
0.000000
0.000000
0.000000
0.000000
0.000000
0.000000
0.000000
0.000000
0.000000
0.000000
0.000000
0.000000
0.000000
0.000000
0.000000
0.000000
0.000000
0.000000
0.000000
0.000000
0.000000
0.000000
0.000000
0.000000
0.000000
0.000000
0.000000
0.000000
0.000000
0.000000
0.000000
0.000000
0.000000
0.000000
0.000000
0.000000
0.000000
0.000000
0.000000
83.197817
83.211657
83.225497
83.239337
83.267017
83.280857
83.308537
83.322377
83.336217
83.350057
83.391577
83.405417
83.433097
83.446937
0.000000
0.000000
0.000000
0.000000
87.233977
87.247817
87.261657
87.275497
87.289337
87.303177
87.344697
87.372377
87.413897
87.427737
87.455417
87.469257
87.483097
87.524617
87.538457
87.566137
87.607657
87.621497
87.635337
87.649177
87.676857
87.690697
87.704537
87.718377
87.732217
87.746057
87.759897
87.787577
0.000000
0.000000
89.961657
90.003177
90.030857
90.072377
0.000000
90.127737
90.155417
90.169257
90.183097
90.196937
90.293817
90.321497
90.335337
90.349177
90.363017
90.376857
90.390697
90.432217
0.000000
0.000000
0.000000
0.000000
0.000000
0.000000
0.000000
0.000000
0.000000
