0.000000
0.000000
0.000000
0.000000
0.000000
0.000000
0.000000
0.000000
0.000000
0.000000
0.000000
0.000000
0.000000
0.000000
0.000000
0.000000
0.000000
0.000000
0.000000
0.000000
0.000000
0.000000
0.000000
0.000000
0.000000
0.000000
0.000000
0.000000
0.000000
0.000000
0.000000
0.000000
0.000000
0.000000
0.000000
0.000000
0.000000
0.000000
0.000000
0.000000
0.000000
0.000000
0.000000
0.000000
0.000000
0.000000
0.000000
0.000000
0.000000
0.000000
0.000000
0.000000
0.000000
0.000000
0.000000
0.000000
0.000000
0.000000
0.000000
0.000000
0.000000
0.000000
0.000000
0.000000
0.000000
0.000000
0.000000
0.000000
0.000000
0.000000
0.000000
0.000000
0.000000
0.000000
0.000000
74.469847
72.169847
72.169847
72.169847
72.174487
72.269847
72.269847
74.469847
0.000000
0.000000
0.000000
0.000000
0.000000
0.000000
72.174487
72.169847
75.919847
75.919847
80.919847
0.000000
77.519847
77.519847
77.519847
77.519847
80.919847
78.469847
78.469847
78.469847
78.469847
78.469847
80.919847
79.419847
79.419847
79.419847
79.569847
80.919847
80.219847
72.269847
72.269847
81.469847
77.519847
78.469847
80.219847
80.219847
80.219847
81.469847
0.000000
0.000000
0.000000
0.000000
0.000000
0.000000
0.000000
0.000000
0.000000
0.000000
0.000000
0.000000
0.000000
0.000000
0.000000
0.000000
0.000000
0.000000
