0.000000
0.000000
0.000000
0.000000
0.000000
0.000000
0.000000
6.747817
6.761657
6.775497
6.789337
0.000000
7.297817
7.711657
7.739337
7.767017
0.000000
8.183977
8.211657
8.239337
8.267017
8.697817
8.711657
8.739337
8.753177
8.780857
8.783977
8.797817
8.811657
8.825497
8.839337
8.853177
0.000000
9.233977
9.239337
9.253177
9.275497
9.317017
9.330857
9.389337
9.403177
9.897817
0.000000
0.000000
11.333977
11.347817
11.361657
11.375497
11.389337
11.483977
11.511657
11.980137
0.000000
0.000000
0.000000
0.000000
15.461657
15.489337
15.503177
15.517017
15.530857
15.783977
15.797817
15.811657
15.839337
0.000000
16.347817
16.375497
0.000000
17.111657
17.689337
17.697817
17.711657
17.725497
17.753177
17.975497
0.000000
18.467017
18.494697
18.536217
18.550057
18.563897
18.577737
18.591577
18.775497
18.789337
0.000000
19.283977
19.297817
19.311657
19.325497
0.000000
0.000000
21.697817
21.711657
21.725497
0.000000
22.797817
22.811657
0.000000
23.361657
23.597817
23.611657
23.625497
23.639337
0.000000
25.097817
0.000000
25.180857
25.194697
25.222377
25.236217
25.250057
0.000000
0.000000
0.000000
28.325497
28.353177
28.367017
28.394697
28.408537
28.422377
0.000000
29.383977
29.411657
29.439337
29.453177
0.000000
0.000000
0.000000
32.203177
32.217017
32.230857
32.244697
32.272377
32.286217
32.439337
32.494697
32.508537
32.536217
32.550057
32.767017
0.000000
33.675497
33.689337
33.703177
33.717017
33.730857
33.744697
33.758537
33.772377
33.786217
33.813897
33.827737
33.869257
0.000000
34.625497
34.639337
34.680857
34.694697
0.000000
0.000000
36.661657
36.689337
36.730857
36.744697
36.803177
36.817017
0.000000
0.000000
39.030857
39.072377
39.086217
0.000000
39.100057
39.127737
39.141577
39.155417
39.975497
40.003177
0.000000
40.672377
40.686217
40.700057
0.000000
0.000000
42.272377
42.286217
42.547817
42.561657
42.658537
42.672377
0.000000
43.711657
43.725497
43.753177
0.000000
44.161657
44.203177
44.230857
44.697817
44.711657
44.753177
0.000000
46.058537
0.000000
0.000000
47.447817
47.517017
47.530857
48.025497
48.039337
48.053177
0.000000
48.122377
48.136217
48.139337
48.153177
48.163897
48.177737
48.205417
48.219257
48.233097
48.260777
48.274617
48.288457
0.000000
49.625497
49.697817
49.725497
49.739337
49.839337
49.853177
49.880857
49.894697
0.000000
50.147817
50.189337
50.217017
50.261657
50.361657
50.389337
0.000000
51.539337
51.580857
51.594697
51.677737
51.719257
51.746937
51.774617
0.000000
52.525497
52.539337
0.000000
53.611657
53.625497
53.717017
53.813897
53.827737
53.997817
54.025497
54.039337
54.053177
0.000000
54.461657
54.503177
54.517017
54.530857
0.000000
55.589337
0.000000
56.839337
0.000000
57.553177
57.567017
57.580857
57.594697
0.000000
58.844697
58.886217
58.900057
58.927737
58.961657
59.017017
59.075497
0.000000
59.103177
59.117017
0.000000
60.458537
60.472377
60.939337
60.994697
0.000000
61.111657
61.153177
61.675497
61.717017
0.000000
62.853177
62.867017
62.880857
0.000000
63.853177
63.867017
0.000000
64.397817
64.425497
64.439337
64.467017
64.480857
64.494697
0.000000
66.080857
0.000000
66.275497
66.289337
66.783977
66.825497
0.000000
67.333977
67.625497
67.639337
67.653177
67.680857
0.000000
68.466297
68.507817
68.521657
0.000000
69.539337
69.553177
69.653177
69.667017
69.680857
69.694697
69.708537
69.750057
69.763897
69.791577
70.047817
70.061657
0.000000
70.597817
0.000000
0.000000
72.188617
72.211657
72.225497
72.239337
72.243977
72.267017
72.367017
72.380857
72.422377
72.436217
0.000000
0.000000
0.000000
75.975497
75.989337
76.017017
0.000000
0.000000
77.575497
77.589337
77.603177
77.617017
77.630857
0.000000
78.511657
78.539337
78.580857
78.594697
78.608537
78.622377
78.636217
0.000000
79.461657
79.530857
79.544697
79.625497
0.000000
80.261657
80.289337
80.303177
80.317017
0.000000
0.000000
82.133977
82.161657
82.175497
82.189337
82.383977
82.425497
82.453177
82.697817
0.000000
83.483994
83.497834
83.511674
83.525514
83.539354
83.567034
83.580874
83.594714
83.622394
83.663914
83.719274
83.774634
83.788474
83.911657
83.980857
83.983977
83.997817
84.036217
84.039337
84.063897
0.000000
84.597817
84.611657
84.833977
84.847817
0.000000
0.000000
86.997817
87.011657
0.000000
88.033977
88.047817
88.061657
88.089337
0.000000
88.103177
88.647817
88.661657
0.000000
89.147817
89.161657
89.175497
0.000000
90.783977
90.811657
90.853177
0.000000
91.247817
91.275497
91.303177
91.330857
91.347817
91.361657
91.375497
0.000000
92.338617
92.352457
92.366297
92.380137
92.393977
92.407817
92.433977
92.447817
92.498843
0.000000
94.047817
0.000000
0.000000
95.647817
95.661657
95.875497
0.000000
96.388617
96.397817
96.411657
96.439337
96.467017
96.508537
0.000000
97.261657
97.997817
98.011657
0.000000
0.000000
100.447817
100.461657
100.475497
103.783977
103.797817
103.839337
103.853177
104.333977
104.361657
104.683977
104.697817
108.233977
116.097817
118.233977
