0.000000
0.000000
0.000000
0.000000
0.000000
0.000000
0.000000
0.000000
0.000000
0.000000
0.000000
0.000000
0.000000
0.000000
0.000000
0.000000
0.000000
0.000000
0.000000
0.000000
0.000000
0.000000
0.000000
0.000000
0.000000
0.000000
0.000000
0.000000
0.000000
0.000000
0.000000
0.000000
0.000000
0.000000
0.000000
0.000000
0.000000
0.000000
0.000000
0.000000
0.000000
0.000000
0.000000
0.000000
0.000000
0.000000
0.000000
0.000000
0.000000
0.000000
0.000000
0.000000
0.000000
0.000000
0.000000
0.000000
0.000000
0.000000
0.000000
0.000000
0.000000
0.000000
0.000000
0.000000
0.000000
0.000000
0.000000
0.000000
0.000000
0.000000
0.000000
0.000000
0.000000
0.000000
0.000000
0.000000
0.000000
0.000000
0.000000
0.000000
0.000000
0.000000
0.000000
0.000000
72.169847
72.269847
83.169847
75.919847
83.169847
78.469847
80.219847
83.169847
82.119847
82.119847
82.369847
82.369847
82.669847
83.169847
0.000000
0.000000
0.000000
0.000000
87.219847
72.269847
87.219847
75.919847
87.219847
78.469847
82.119847
82.369847
83.456024
83.456024
83.456024
83.456024
83.456024
87.219847
83.456024
83.869847
83.969847
83.869847
83.969847
87.219847
84.569847
84.569847
84.819847
84.819847
87.219847
87.219847
86.969847
87.219847
0.000000
0.000000
78.469847
82.119847
83.456024
83.456024
0.000000
83.456024
83.456024
83.869847
83.969847
89.919847
88.019847
88.019847
89.919847
88.019847
88.619847
88.619847
89.919847
89.119847
0.000000
0.000000
0.000000
0.000000
0.000000
0.000000
0.000000
0.000000
0.000000
