1.665110
2.215110
7.565110
8.115110
8.665110
9.215110
9.765110
11.915110
15.415110
15.965110
16.515110
17.065110
17.615110
18.165110
18.715110
33.615110
37.315110
38.915110
40.515110
42.115110
42.665110
43.215110
45.365110
45.915110
48.065110
49.665110
50.215110
51.815110
53.415110
53.965110
57.465110
58.015110
59.615110
61.765110
63.665110
65.265110
66.865110
67.415110
69.565110
71.165110
71.715110
72.265110
74.415110
77.915110
78.465110
79.015110
82.765110
84.365110
84.915110
86.815110
88.965110
91.115110
92.715110
94.865110
98.615110
99.165110
99.715110
108.015110
110.165110
111.765110
112.315110
117.415110
117.965110
119.565110
120.115110
120.665110
122.265110
123.865110
125.465110
130.565110
134.315110
134.865110
135.415110
137.565110
139.715110
141.865110
144.015110
144.565110
146.715110
147.265110
151.015110
154.215110
155.815110
160.915110
163.065110
164.665110
166.565110
168.715110
169.265110
171.415110
175.165110
177.315110
179.465110
181.065110
181.615110
183.215110
188.015110
189.615110
191.215110
191.765110
193.365110
198.465110
199.015110
