3.265110
5.415110
8.915110
9.465110
11.615110
12.165110
15.915110
21.265110
21.815110
22.365110
22.915110
23.465110
25.615110
30.415110
32.265110
32.815110
34.415110
36.565110
43.265110
43.815110
49.165110
49.715486
53.465110
54.015486
54.565110
55.115110
57.265110
58.865110
59.415110
64.215110
66.115110
67.729910
68.279910
71.765110
73.929910
75.515110
80.615110
82.215110
82.765110
83.315110
84.915110
85.465110
86.015110
86.565110
87.115110
90.615110
91.165110
91.715110
94.075597
96.015110
98.237573
98.775430
104.065110
104.615110
106.215110
109.715110
111.315110
112.915110
114.515110
116.145677
119.615110
121.215110
121.765110
123.665110
124.215110
124.765110
126.915110
128.515110
130.115110
132.015110
135.765110
139.515110
141.115110
142.715110
144.315110
146.465110
147.015110
152.115110
154.265110
154.815110
158.565110
160.715110
161.265110
161.815110
163.965110
166.115110
167.715110
168.265110
169.865110
173.365110
174.965110
176.565110
178.165110
180.065110
180.615110
181.165110
181.715110
183.315110
184.915110
185.465110
187.065110
187.615110
188.179910
189.779910
191.929910
192.465110
197.815110
