1.115110
3.415110
5.565110
7.165110
8.765110
9.315110
9.865110
11.465110
12.015110
12.565110
14.165110
15.765110
16.315110
17.915110
19.515110
21.665110
22.215110
22.765110
23.315110
23.865110
30.565110
32.115110
32.665110
34.565110
36.715110
38.315110
39.915110
43.115110
43.665110
44.215110
45.815110
47.415110
49.565110
50.115110
53.865110
54.415110
54.965110
55.515110
59.015110
64.365110
65.965110
67.865110
68.415110
70.015110
71.615110
72.165110
75.665110
80.465110
82.365110
82.915110
85.065110
85.615110
86.165110
86.715110
87.265110
88.865110
90.465110
91.015110
91.565110
92.115110
94.265110
95.865110
98.015110
98.565110
99.115110
103.915110
104.465110
106.365110
107.965110
109.565110
116.265110
117.865110
121.365110
121.915110
123.515110
124.065110
124.615110
126.765110
130.265110
131.865110
132.415110
135.615110
136.165110
137.765110
139.365110
146.065110
146.615110
147.165110
150.365110
152.515110
154.115110
154.665110
155.215110
156.815110
158.415110
158.965110
161.115110
161.665110
163.815110
164.365110
167.865110
170.015110
171.615110
178.315110
179.915110
180.465110
181.015110
181.565110
185.065110
187.215110
187.765110
191.515110
192.065110
194.215110
