4.465110
7.665110
8.165110
9.765110
10.315110
11.915110
15.665110
17.815110
18.365110
19.965110
21.565110
25.065110
26.665110
28.265110
28.815110
29.365110
29.915110
36.615110
38.215110
38.765110
42.515110
44.115110
44.665110
49.765110
50.315110
52.465110
53.015110
53.565110
56.765110
58.365110
58.915110
59.465110
61.065110
61.615110
62.165110
63.765110
65.665110
66.215110
66.765110
67.315110
67.865110
68.415110
70.015110
70.565110
74.315110
74.865110
75.415110
77.315110
79.465110
83.215110
83.765110
95.515110
97.665110
98.215110
98.765110
102.515110
105.715110
108.915110
110.515110
112.115110
112.665110
114.265110
115.865110
116.415110
116.965110
118.865110
129.015110
129.565110
130.115110
130.665110
131.215110
132.815110
134.715110
135.265110
137.415110
137.965110
139.565110
140.115110
150.015110
153.765110
154.315110
155.915110
156.465110
158.065110
159.965110
160.515110
162.115110
162.665110
164.265110
166.415110
173.115110
176.315110
176.865110
177.415110
179.565110
180.115110
182.015110
184.165110
187.365110
188.965110
189.515110
190.065110
190.615110
193.815110
195.415110
197.315110
197.865110
