2.715110
4.315110
7.815110
9.915486
13.665110
15.815486
17.965486
21.715486
24.915110
28.415110
28.965110
29.515110
30.065110
31.665110
33.265110
34.865110
36.465110
38.365486
40.515110
44.265110
44.815110
46.415110
49.615486
50.165486
52.315110
52.865110
53.415110
58.515110
59.065110
61.215110
61.765110
63.915110
65.515110
66.065110
66.615110
67.165110
67.715110
68.265110
70.165110
70.715110
74.465110
75.015110
75.565110
77.165110
77.715110
79.865110
81.465110
83.065110
83.615110
84.165110
85.765110
88.965110
92.165486
93.765110
95.365486
97.515110
98.065486
98.615110
99.165110
100.765110
112.265110
116.015110
116.565110
117.115110
118.715110
120.865110
124.065110
125.665110
127.265110
128.865110
129.415110
129.965110
130.515110
131.065110
132.965110
134.565110
135.115110
135.665110
137.265110
137.815110
139.715110
140.265110
145.065110
146.665110
149.865110
153.615110
154.165110
156.065110
158.215110
159.815110
160.365110
162.265110
166.015110
166.565110
168.165110
172.965110
176.465110
177.015110
179.165110
179.715110
180.265110
181.865110
184.015110
189.115110
189.665110
190.215110
195.565110
197.165110
197.715110
198.265110
199.865110
