1.129910
1.815110
3.965110
7.715110
8.265110
8.815486
9.365486
11.515110
12.079910
13.679910
15.279910
15.830286
16.315110
16.865110
17.415110
17.980286
18.529910
19.065110
22.265110
23.865110
25.479910
28.665110
31.865110
33.965110
37.165110
42.265110
42.815110
44.965110
45.515110
47.665110
49.815486
53.565110
54.115110
57.315110
57.865110
59.765110
61.915110
63.515110
67.015110
67.565110
71.315110
71.865110
74.015110
74.565110
77.765110
78.315110
78.865110
81.015110
82.615110
84.515110
85.065110
86.665110
87.215110
88.815110
90.965110
92.865110
96.615110
98.797910
99.407357
103.065110
104.665110
107.865110
108.415110
110.015110
111.915110
112.497197
114.065110
115.665110
117.265110
117.815110
119.715110
120.265110
125.615110
128.815110
130.415110
130.965110
134.165110
134.715110
135.265110
135.815110
137.965110
140.115110
141.715110
142.265110
144.415110
144.965110
146.565110
147.115110
149.265110
155.965110
157.565110
159.165110
160.765110
161.315110
162.915110
164.815110
166.415110
166.965110
168.565110
169.115110
169.665110
171.265110
173.415110
175.015110
175.565110
177.165110
177.715110
179.315110
181.215110
191.365110
193.515110
195.115110
196.715110
198.315110
198.865110
