0.000000
0.000000
0.000000
0.000000
0.000000
0.000000
0.000000
0.000000
0.000000
0.000000
0.000000
0.000000
0.000000
0.000000
0.000000
0.000000
0.000000
0.000000
0.000000
0.000000
0.000000
0.000000
0.000000
0.000000
0.000000
0.000000
0.000000
0.000000
0.000000
0.000000
0.000000
0.000000
0.000000
0.000000
0.000000
0.000000
0.000000
0.000000
0.000000
0.000000
0.000000
0.000000
0.000000
0.000000
0.000000
0.000000
0.000000
0.000000
0.000000
0.000000
0.000000
0.000000
0.000000
0.000000
0.000000
0.000000
0.000000
0.000000
0.000000
0.000000
0.000000
0.000000
0.000000
0.000000
0.000000
0.000000
0.000000
0.000000
0.000000
0.000000
0.000000
0.000000
0.000000
0.000000
0.000000
0.000000
0.000000
0.000000
0.000000
0.000000
0.000000
0.000000
0.000000
0.000000
0.000000
0.000000
0.000000
0.000000
0.000000
88.969847
88.969847
0.000000
0.000000
0.000000
0.000000
0.000000
87.269847
88.969847
89.919847
89.919847
89.919847
93.769847
90.469847
90.469847
93.769847
91.569847
93.769847
92.119847
92.719847
92.719847
92.719847
93.769847
0.000000
0.000000
88.969847
89.919847
91.569847
92.719847
94.219847
94.219847
94.219847
94.219847
94.869847
95.370224
0.000000
0.000000
97.519847
97.519847
94.869847
95.319847
95.869847
95.869847
97.519847
97.519847
0.000000
95.319847
95.869847
98.019847
98.019847
98.619847
98.519847
0.000000
98.519847
98.519847
98.622097
99.169847
98.519847
98.622097
98.622097
100.669847
103.919847
108.019847
108.019847
108.019847
103.919847
108.019847
