42.100000
42.422218
42.422218
42.422326
43.100000
43.522218
43.522218
43.522326
44.100000
44.622218
44.622218
44.622326
45.100000
45.172218
45.172218
45.172326
46.100000
46.272218
46.272218
46.272326
47.100000
47.372218
47.372218
47.372326
48.100000
48.472218
48.472218
48.472326
49.100000
49.572218
49.572218
49.572326
50.100000
50.122218
50.122326
50.672218
51.100000
51.222218
51.222218
51.222326
62.100000
62.222218
62.222218
62.222326
62.236058
63.100000
63.322218
63.322218
63.322326
64.100000
64.422218
64.422218
64.422326
65.100000
65.522218
65.522218
65.522326
66.100000
71.500000
71.572218
71.572218
72.100000
72.122218
72.122326
72.672218
73.100000
73.222218
73.222218
73.222326
74.100000
74.322218
74.322218
74.322326
75.100000
75.422218
75.422218
75.422326
76.100000
