6.500000
6.500000
6.500000
6.500000
6.500000
6.500000
6.500000
6.500000
6.500000
6.500000
6.500000
6.500000
6.500000
6.500000
6.500000
6.500000
6.500000
6.500000
6.500000
6.500000
6.500000
6.500000
6.500000
6.500000
6.500000
6.500000
6.500000
6.672218
7.100000
7.222218
7.222218
7.222300
8.100000
8.322218
8.322218
8.322300
9.100000
9.422218
9.422218
9.422300
10.100000
10.522218
10.522218
10.522300
11.100000
11.622218
11.622218
11.622300
12.100000
12.172218
12.172218
12.172300
13.100000
13.272218
13.272218
13.272300
14.100000
14.372218
14.372218
14.372300
15.100000
15.472218
15.472218
15.472300
16.100000
52.100000
52.322218
52.322218
52.322300
53.100000
53.422218
53.422218
53.422300
54.100000
54.522218
54.522218
54.522300
55.100000
55.622218
55.622218
55.622300
56.100000
56.172218
56.172218
56.172300
67.000000
67.000000
67.100000
67.172218
67.172218
67.172300
67.186140
68.100000
68.272218
68.272218
68.272300
69.100000
69.372218
69.372218
69.372300
70.100000
70.472218
70.472218
70.472300
71.100000
77.000000
77.072300
77.086140
77.100000
77.622218
77.622218
77.622300
78.100000
78.172218
78.172218
78.172300
79.100000
79.272218
79.272218
79.272300
80.100000
80.372218
80.372218
80.372300
81.100000
81.472218
81.472218
81.472300
