1.159354
1.709354
2.259354
2.809354
3.344554
3.894554
4.994554
7.114954
7.664954
8.164954
8.714954
9.264954
9.814954
10.364954
10.914954
11.464954
12.014954
12.564954
13.114954
13.664954
14.214954
14.764954
15.314954
15.879754
16.429754
16.979754
17.514954
18.064954
20.014954
21.614954
22.164954
24.314954
24.864954
25.414954
25.964954
27.864954
28.414954
30.564954
31.114954
31.664954
32.214954
32.764954
33.314954
33.864954
34.414954
34.964954
35.514954
36.064954
36.614954
37.164954
37.714954
39.864954
40.414954
40.964954
41.514954
42.064954
42.614954
43.164954
43.714954
44.264954
44.814954
45.364954
45.914954
46.464954
47.014954
47.564954
48.114954
48.664954
49.214954
49.764954
50.314954
50.864954
51.414954
51.964954
52.514954
53.064954
53.614954
54.164954
54.714954
55.264954
55.814954
56.364954
56.914954
57.464954
58.014954
58.564954
59.114954
59.664954
60.214954
60.764954
61.314954
61.864954
62.414954
62.964954
63.514954
64.064954
64.614954
65.164954
65.714954
66.264954
66.814954
68.414954
68.964954
69.514954
70.064954
70.614954
71.164954
71.714954
72.264954
72.814954
73.364954
73.914954
74.464954
75.014954
75.564954
76.114954
76.664954
77.214954
77.764954
78.314954
78.864954
79.414954
79.964954
80.514954
81.064954
81.614954
82.164954
82.714954
83.264954
84.865460
85.513403
86.049460
86.664020
88.129754
88.679754
89.214954
90.829754
91.379754
91.929754
92.479754
93.029754
93.579754
94.129754
95.729754
96.279754
96.829754
97.379754
97.929754
98.479754
99.029754
99.579754
100.129754
100.679754
101.229754
101.779754
102.344554
102.894554
103.429754
103.979754
104.529754
105.079754
105.629754
106.179754
106.729754
107.279754
107.829754
108.379754
108.929754
109.479754
110.029754
110.579754
111.129754
111.679754
112.229754
112.779754
113.329754
113.879754
115.464954
116.014954
116.564954
117.114954
117.664954
118.214954
118.764954
119.314954
119.864954
120.414954
120.964954
121.514954
122.064954
122.614954
123.164954
123.714954
124.264954
124.814954
125.364954
125.914954
126.464954
127.014954
127.564954
128.114954
128.664954
129.214954
129.764954
130.314954
130.864954
132.464954
134.064954
134.614954
135.164954
135.714954
137.614954
138.164954
138.714954
139.264954
139.814954
140.364954
140.914954
141.479754
143.064954
143.614954
144.164954
144.714954
145.264954
145.814954
146.364954
146.914954
147.464954
148.014954
148.564954
149.114954
149.664954
150.214954
150.764954
151.314954
151.864954
152.414954
152.964954
153.514954
154.064954
154.614954
155.164954
156.779754
157.329754
157.879754
159.779754
160.329754
160.879754
161.429754
161.979754
162.529754
163.079754
163.629754
164.179754
164.729754
166.314954
166.864954
167.414954
169.014954
169.564954
170.114954
170.664954
171.214954
171.764954
173.664954
174.214954
174.764954
175.314954
175.864954
177.464954
179.364954
179.914954
180.464954
182.629754
183.179754
183.729754
184.279754
185.864954
186.414954
186.964954
187.514954
188.064954
188.614954
189.164954
191.064954
191.614954
192.164954
192.714954
193.264954
193.814954
194.379754
194.914954
195.464954
196.014954
196.564954
197.114954
197.664954
198.214954
198.764954
199.314954
199.864954
