1.159506
1.815106
3.415106
3.979906
6.109506
6.659506
7.194706
9.315106
14.415106
14.965106
15.515106
19.279906
19.829906
20.379906
20.929906
23.065106
23.615106
24.165106
29.529906
33.265106
34.865106
35.415106
35.965106
36.515106
37.065106
37.615106
38.165106
38.715106
39.265106
40.865106
41.415106
41.965106
42.515106
43.065106
46.265106
46.815106
47.365106
48.994706
49.544706
51.415106
53.565106
55.165106
55.715106
57.315106
59.479906
60.015106
60.565106
62.729906
63.279906
63.829906
64.379906
65.965106
66.515106
67.065106
68.665106
69.215237
69.765106
70.315106
71.915237
72.465106
77.579906
78.129906
79.715106
80.265106
80.815106
82.715106
86.465106
88.615106
89.165106
89.715106
90.265106
91.879906
93.765106
97.529906
99.665106
100.215106
100.779906
101.329906
103.465106
104.015106
104.565106
106.179906
106.729906
107.279906
109.415106
109.965106
110.515106
112.115106
113.715106
115.865106
118.015106
118.565106
119.115106
119.665106
123.179906
123.729906
129.065106
132.815106
136.565106
137.115106
137.665106
139.265106
141.165106
143.315106
144.915106
145.465106
146.015106
148.165106
149.779906
151.665106
152.215106
152.765106
154.929906
156.515106
157.079906
158.979906
161.115106
163.265106
163.815106
164.365106
164.915106
167.065106
169.215106
169.765106
171.915106
172.465106
174.615106
179.965106
180.515106
182.115106
182.665106
186.165106
188.315106
188.865106
189.415106
191.579906
192.115106
192.665106
193.215106
194.829906
198.579906
