1.129683
1.679683
2.229683
2.779683
3.329683
3.879683
4.429683
4.979683
5.529683
6.079683
6.629683
7.179683
7.714883
8.264883
8.814883
9.364883
9.914883
10.464883
11.014883
11.564883
12.114883
12.664883
13.214883
13.764883
14.314883
14.864883
15.414883
15.964883
16.514883
17.064883
17.614883
18.164883
18.714883
19.264883
19.814883
20.364883
20.914883
21.464883
22.014883
22.564883
23.114883
23.664883
24.214883
24.764883
25.314883
25.864883
26.414883
26.964883
27.514883
28.064883
28.614883
29.164883
29.714883
30.264883
30.814883
31.364883
31.914883
32.464883
33.014883
33.564883
34.114883
34.664883
35.214883
35.764883
36.314883
36.864883
37.414883
37.964883
38.514883
39.064883
39.614883
40.164883
40.714883
41.264883
41.814883
42.364883
42.914883
43.464883
44.014883
44.564883
45.114883
45.664883
46.214883
46.764883
47.314883
47.864883
48.414883
48.965252
49.515252
50.064883
50.614883
51.164883
51.714883
52.264883
52.814883
53.364883
53.914883
54.464883
55.014883
55.564883
56.114883
56.664883
57.214883
57.764883
58.314883
58.864883
59.414883
59.964883
60.514883
61.064883
61.614883
62.164883
62.714883
63.264883
63.814883
64.379683
64.929683
65.479683
66.029683
66.579683
67.129683
67.679683
68.229683
68.779683
69.329683
69.879683
70.429683
70.979683
71.529683
72.079683
72.629683
73.179683
73.714883
74.264883
74.814883
75.364883
75.914883
76.464883
77.014883
77.564883
78.114883
78.664883
79.214883
79.764883
80.314883
80.864883
81.414883
81.964883
82.514883
83.064883
83.614883
84.164883
84.714883
85.264883
85.815252
86.364883
86.914883
87.464883
88.014883
88.564883
89.114883
89.664883
90.214883
90.764883
91.314883
91.864883
92.414883
92.964883
93.514883
94.064883
94.614883
95.164883
95.714883
96.264883
96.814883
97.364883
97.914883
98.464883
99.014883
99.564883
100.114883
100.664883
101.214883
101.764883
102.314883
102.864883
103.414883
103.964883
104.514883
105.064883
105.614883
106.164883
106.714883
107.264883
107.814883
108.364883
108.914883
109.464883
110.014883
110.564883
111.114883
111.664883
112.214883
112.764883
113.314883
113.864883
114.414883
114.964883
115.514883
116.064883
116.614883
117.164883
117.714883
118.264883
118.814883
119.364883
119.914883
120.464883
121.014883
121.564883
122.114883
122.664883
123.214883
123.764883
124.314883
124.864883
125.414883
125.964883
126.514883
127.064883
127.614883
128.164883
128.714883
129.264883
129.814883
130.364883
130.914883
131.464883
132.014883
132.564883
133.114883
133.664883
134.214883
134.764883
135.314883
135.864883
136.414883
136.964883
137.514883
138.064883
138.614883
139.164883
139.714883
140.264883
140.814883
141.364883
141.929683
142.479683
143.029683
143.579683
144.129683
144.679683
145.229683
145.779683
146.329683
146.879683
147.429683
147.979683
148.529683
149.079683
149.629683
150.179683
150.729683
151.279683
151.829683
152.379683
152.929683
153.464883
154.014883
154.564883
155.114883
155.664883
156.214883
156.764883
157.314883
157.864883
158.414883
158.964883
159.514883
160.064883
160.614883
161.164883
161.714883
162.264883
162.814883
163.364883
163.914883
164.464883
165.014883
165.564883
166.114883
166.664883
167.214883
167.764883
168.314883
168.864883
169.414883
169.964883
170.514883
171.064883
171.614883
172.164883
172.714883
173.264883
173.814883
174.364883
174.914883
175.464883
176.014883
176.564883
177.114883
177.664883
178.214883
178.764883
179.314883
179.864883
180.414883
180.964883
181.514883
182.064883
182.614883
183.164883
183.714883
184.264883
184.814883
185.364883
185.914883
186.464883
187.014883
187.564883
188.114883
188.664883
189.229683
189.779683
190.329683
190.879683
191.429683
191.964883
192.514883
193.064883
193.614883
194.164883
194.714883
195.264883
195.814883
196.364883
196.914883
197.464883
198.014883
198.564883
199.114883
199.664883
