1.129754
1.679754
2.229754
2.764954
3.314954
3.864954
4.414954
5.114954
7.264954
7.814954
8.364954
8.929754
9.479754
10.014954
10.564954
11.114954
11.664954
12.214954
12.764954
13.314954
13.864954
14.414954
14.964954
15.514954
16.064954
16.614954
17.164954
17.714954
18.264954
19.864954
21.764954
23.914954
24.464954
25.014954
25.564954
26.114954
27.714954
28.264954
28.814954
30.414954
30.964954
31.529754
32.064954
32.614954
33.164954
33.714954
34.264954
34.814954
35.364954
35.914954
36.464954
37.014954
37.564954
38.114954
39.714954
40.264954
40.814954
41.364954
41.914954
42.464954
43.014954
43.564954
44.114954
44.664954
45.214954
45.764954
46.314954
46.864954
47.414954
47.964954
48.514954
49.064954
49.614954
50.164954
50.714954
51.279754
51.829754
52.364954
52.914954
53.464954
54.014954
54.564954
55.114954
55.664954
56.214954
56.764954
57.314954
57.864954
58.414954
58.964954
59.514954
60.064954
60.614954
61.164954
61.714954
62.264954
62.814954
63.364954
63.914954
64.464954
65.014954
65.564954
66.129754
66.679754
68.564954
69.114954
69.664954
70.214954
70.764954
71.314954
71.864954
72.414954
72.964954
73.514954
74.064954
74.614954
75.164954
75.714954
76.264954
76.814954
77.364954
77.914954
78.464954
79.014954
79.564954
80.114954
80.664954
81.214954
81.764954
82.314954
82.864954
85.014954
85.664954
86.214954
88.264954
88.814954
90.964954
91.514954
92.064954
92.614954
93.164954
93.714954
95.864954
96.414954
96.964954
97.514954
98.064954
98.614954
99.164954
99.714954
100.264954
100.814954
101.364954
101.914954
102.464954
103.014954
103.564954
104.114954
104.664954
105.214954
105.764954
106.329754
106.879754
107.429754
107.964954
108.514954
109.064954
109.614954
110.164954
110.714954
111.264954
111.814954
112.364954
112.914954
113.464954
115.614954
116.164954
116.714954
117.264954
117.814954
118.364954
118.914954
119.464954
120.014954
120.564954
121.114954
121.664954
122.214954
122.764954
123.314954
123.864954
124.414954
124.964954
125.514954
126.064954
126.614954
127.164954
127.714954
128.264954
128.814954
129.364954
129.914954
130.464954
134.214954
134.764954
135.314954
135.864954
137.464954
138.014954
138.564954
139.114954
139.664954
140.214954
140.764954
141.314954
143.214954
143.764954
144.314954
144.864954
145.414954
145.964954
146.514954
147.064954
147.614954
148.164954
148.714954
149.264954
149.814954
150.364954
150.914954
151.464954
152.014954
152.564954
153.114954
153.664954
154.214954
154.779754
156.914954
157.464954
158.014954
159.614954
160.164954
160.714954
161.264954
161.814954
162.364954
162.914954
163.464954
164.014954
164.564954
166.464954
167.014954
169.164954
169.714954
170.264954
170.814954
171.364954
171.914954
173.514954
174.064954
174.614954
175.164954
175.714954
177.614954
179.214954
179.764954
180.314954
180.864954
182.464954
183.014954
183.564954
184.114954
186.029754
186.579754
187.114954
187.664954
188.214954
188.764954
189.314954
190.914954
191.464954
192.014954
192.564954
193.114954
193.664954
194.214954
194.764954
195.314954
195.864954
196.414954
196.964954
197.514954
198.064954
198.614954
199.164954
199.714954
