1.129906
1.679906
2.229906
3.315106
3.865106
5.765106
6.315106
7.915106
8.429906
10.365106
11.965106
12.515106
14.115106
16.265106
16.815106
18.415106
20.015106
21.915106
24.065106
24.615106
25.165106
25.715106
27.315106
27.865106
28.415106
31.915106
32.465106
34.065106
35.665106
36.215106
36.765106
38.665106
39.215106
39.765106
40.315106
40.865106
41.415106
43.565106
45.165106
46.765106
48.915106
49.465106
51.065106
54.265106
55.865106
56.415106
58.015106
58.565106
60.465106
61.015106
63.165106
63.715106
65.265106
65.815106
67.415106
69.015106
69.565106
71.465106
72.015106
73.615106
75.515106
76.065106
76.615106
77.165106
80.915106
81.465106
85.215106
85.765106
87.365106
87.915106
88.465106
90.065106
90.615106
95.715106
96.265106
97.879906
98.429906
100.315106
102.465106
104.615106
105.165106
105.715106
106.265106
108.415106
108.965106
110.565106
112.465106
113.015106
113.565106
114.115106
115.715106
119.229906
119.779906
121.929906
122.479906
123.029906
126.765106
127.315106
127.865106
128.415106
132.165106
134.315106
134.865106
135.415106
135.965106
138.115106
139.715106
141.629906
143.215106
145.365106
145.915106
146.465106
148.365106
149.965106
150.515106
152.415106
154.015106
155.615106
156.165106
158.315106
161.515106
162.065106
162.615106
164.215106
166.365106
167.965106
169.865106
170.415106
172.015106
172.565106
173.115106
173.665106
174.215106
175.829906
176.379906
178.265106
178.815106
180.965106
181.515106
182.065106
183.665106
185.565106
186.115106
188.265106
188.815106
190.415106
190.965106
191.515106
192.065106
192.615106
194.215106
195.815106
196.365106
196.915106
197.465106
199.065106
