1.159354
1.709354
2.794554
3.344554
3.894554
4.444554
4.979754
6.914954
7.464954
8.014954
8.564954
9.114954
9.664954
10.214954
10.764954
11.314954
11.864954
12.414954
12.964954
13.514954
14.064954
14.614954
16.214954
16.764954
17.314954
17.864954
18.414954
18.964954
19.514954
20.064954
20.614954
21.164954
21.714954
22.264954
23.864954
24.414954
26.014954
27.614954
28.164954
28.714954
29.264954
29.814954
30.364954
30.914954
31.464954
32.014954
32.564954
33.129754
33.679754
34.214954
34.764954
35.314954
35.864954
37.779754
38.329754
40.464954
41.029754
41.579754
43.164954
43.714954
44.264954
44.829754
45.364954
45.914954
46.464954
47.014954
47.564954
48.114954
48.664954
49.214954
49.764954
50.314954
50.864954
51.414954
51.964954
52.514954
53.064954
53.614954
54.164954
54.714954
55.264954
55.814954
56.364954
56.914954
57.479754
58.014954
58.564954
59.114954
59.664954
60.214954
62.364954
62.914954
63.464954
64.014954
64.564954
65.114954
65.664954
66.214954
66.764954
67.314954
67.864954
69.464954
70.014954
70.564954
71.114954
71.664954
72.214954
72.764954
73.314954
73.864954
74.414954
74.964954
75.514954
76.064954
76.614954
77.164954
77.714954
79.314954
79.879754
80.429754
80.979754
82.579754
84.744554
85.279754
85.829754
86.379754
86.929754
87.479754
88.029754
88.579754
89.129754
89.679754
90.229754
90.779754
91.329754
91.879754
92.429754
94.014954
94.564954
95.114954
96.714954
97.264954
97.814954
98.364954
98.914954
99.464954
100.014954
100.564954
101.114954
101.664954
103.579754
104.129754
104.679754
105.229754
105.779754
106.344554
106.894554
107.444554
107.979754
108.529754
109.079754
109.629754
110.179754
110.729754
111.279754
111.829754
112.379754
112.929754
115.064954
115.629754
116.179754
116.729754
117.279754
117.829754
118.379754
118.929754
119.479754
120.029754
120.579754
121.129754
121.679754
122.229754
122.779754
123.329754
123.879754
124.429754
124.979754
125.529754
126.079754
126.629754
127.179754
127.729754
128.279754
128.829754
129.379754
129.929754
130.479754
131.029754
131.564954
132.114954
132.679754
133.229754
133.764954
134.314954
134.864954
135.414954
135.964954
136.514954
137.064954
137.614954
138.164954
138.714954
139.264954
139.814954
143.579754
144.129754
144.679754
145.229754
145.779754
146.329754
147.914954
148.464954
149.014954
149.564954
150.114954
150.664954
151.214954
151.764954
152.314954
152.864954
153.414954
153.964954
154.514954
155.064954
155.614954
156.164954
156.714954
158.314954
158.864954
159.414954
159.964954
160.514954
161.064954
161.614954
162.164954
162.714954
164.614954
165.164954
166.764954
167.314954
167.864954
168.414954
168.964954
169.514954
170.064954
170.614954
171.164954
171.714954
172.264954
172.814954
173.364954
173.914954
174.479754
175.029754
175.564954
176.114954
176.664954
177.214954
178.814954
179.364954
179.914954
180.464954
181.014954
181.564954
182.114954
182.664954
183.214954
183.764954
184.314954
184.864954
185.414954
185.964954
186.514954
187.064954
188.679754
189.229754
189.779754
190.329754
190.879754
191.444554
191.994554
192.544554
194.414954
194.979754
195.514954
197.114954
197.664954
198.214954
198.764954
199.314954
199.864954
