1.144554
1.694554
3.964954
5.544554
6.094554
6.644554
7.179754
7.729754
8.279754
8.829754
9.379754
11.264954
13.414954
13.964954
14.514954
15.064954
15.614954
16.164954
17.764954
18.314954
18.864954
19.414954
19.964954
20.514954
21.064954
21.614954
22.164954
22.714954
24.314954
24.864954
25.414954
25.964954
26.514954
27.064954
27.614954
28.164954
28.714954
29.264954
29.814954
30.364954
30.914954
31.464954
32.014954
32.564954
33.114954
33.664954
34.214954
34.764954
35.314954
35.864954
36.414954
36.964954
37.514954
38.064954
38.614954
39.164954
39.714954
40.264954
40.814954
41.364954
41.914954
42.464954
43.014954
43.564954
44.114954
44.664954
45.214954
45.764954
46.314954
46.864954
47.414954
47.964954
48.514954
49.064954
49.614954
50.164954
50.714954
51.264954
51.814954
52.364954
52.914954
54.514954
55.064954
55.614954
56.164954
56.714954
57.264954
57.814954
58.364954
58.914954
60.814954
61.364954
61.914954
62.464954
63.014954
63.564954
64.114954
65.714954
66.264954
66.814954
67.364954
67.914954
68.464954
69.014954
69.564954
70.114954
71.714954
72.264954
72.814954
73.364954
73.914954
74.464954
75.014954
75.564954
76.114954
76.664954
77.214954
78.814954
79.364954
81.264954
81.814954
82.364954
82.914954
83.464954
84.014954
84.564954
85.114954
85.664954
86.214954
86.764954
87.314954
87.864954
88.414954
88.964954
89.514954
90.064954
91.664954
92.214954
92.764954
93.314954
93.864954
94.414954
94.964954
95.514954
96.064954
96.614954
97.164954
97.714954
98.264954
98.814954
99.364954
99.914954
100.464954
101.014954
101.564954
102.114954
102.664954
103.214954
103.764954
105.364954
105.914954
106.464954
107.014954
107.564954
108.114954
108.664954
109.214954
109.764954
110.314954
110.864954
111.414954
113.014954
113.564954
114.114954
114.664954
115.214954
115.764954
116.314954
116.864954
117.414954
117.964954
118.514954
119.064954
119.614954
120.164954
122.064954
122.614954
123.164954
123.714954
124.264954
124.814954
125.364954
125.914954
126.464954
127.014954
127.564954
128.114954
130.264954
130.814954
131.364954
131.914954
132.464954
133.014954
133.564954
134.114954
134.664954
135.214954
135.764954
137.914954
138.464954
139.014954
139.564954
140.114954
140.664954
141.214954
141.764954
142.314954
142.864954
143.414954
143.964954
144.514954
145.064954
145.614954
146.164954
146.714954
147.264954
147.814954
148.364954
148.914954
151.064954
151.614954
152.164954
152.714954
153.264954
153.814954
154.364954
154.914954
157.064954
157.614954
158.164954
158.714954
160.864954
161.414954
161.964954
162.514954
163.064954
163.614954
164.164954
164.714954
165.264954
165.814954
166.364954
166.914954
167.464954
168.014954
168.564954
169.114954
169.664954
170.214954
170.764954
171.314954
172.914954
173.464954
174.014954
174.564954
175.114954
175.664954
176.214954
178.114954
178.664954
179.214954
179.764954
180.314954
180.864954
181.414954
181.964954
183.564954
184.114954
184.664954
185.214954
185.764954
186.314954
186.864954
187.414954
187.964954
188.514954
189.064954
189.614954
191.214954
191.764954
192.314954
192.864954
193.414954
195.014954
195.564954
196.114954
196.664954
197.214954
197.764954
198.314954
198.864954
