1.114954
1.664954
2.214954
2.764954
3.314954
3.864954
4.414954
4.964954
5.514954
6.064954
6.614954
8.164954
8.714954
9.264954
9.814954
10.364954
10.914954
11.464954
12.014954
12.564954
13.114954
13.664954
14.214954
14.764954
16.314954
16.864954
17.414954
17.964954
18.514954
19.064954
19.614954
20.164954
20.714954
21.264954
21.814954
22.364954
22.914954
23.464954
24.014954
24.564954
25.114954
25.664954
26.214954
26.764954
27.314954
27.864954
28.414954
28.964954
29.514954
30.064954
30.614954
31.164954
31.714954
32.264954
33.864954
34.414954
34.964954
35.514954
36.064954
36.614954
37.164954
37.714954
38.264954
38.814954
39.364954
39.914954
40.464954
41.014954
41.564954
42.114954
42.664954
43.214954
43.764954
44.314954
44.864954
45.414954
45.964954
47.864954
48.414954
48.964954
49.514954
51.114954
51.664954
52.214954
52.764954
53.314954
53.864954
54.414954
54.964954
55.514954
56.064954
56.614954
57.164954
57.714954
58.264954
58.814954
59.364954
59.914954
60.464954
61.014954
64.514954
65.064954
65.614954
66.164954
66.714954
67.264954
67.814954
68.364954
68.914954
69.464954
70.014954
70.564954
71.114954
71.664954
72.214954
72.764954
74.914954
77.064954
77.614954
78.164954
78.714954
79.264954
79.814954
80.364954
80.914954
81.464954
82.014954
82.564954
83.114954
83.664954
84.214954
85.814954
86.364954
87.964954
88.514954
90.414954
90.964954
91.514954
92.064954
92.614954
93.164954
93.714954
95.314954
95.864954
96.414954
96.964954
97.514954
98.064954
98.614954
99.164954
100.764954
101.314954
101.864954
102.414954
102.964954
103.514954
104.064954
104.614954
105.164954
105.714954
106.264954
106.814954
107.364954
107.914954
108.464954
109.014954
109.564954
110.114954
110.664954
111.214954
111.764954
112.314954
112.864954
113.414954
113.964954
114.514954
115.064954
115.614954
116.164954
116.714954
117.264954
117.814954
118.364954
118.914954
119.464954
120.014954
120.564954
121.114954
121.664954
122.214954
122.764954
123.314954
123.864954
124.414954
124.964954
125.514954
126.064954
126.614954
127.164954
128.764954
129.314954
129.864954
130.414954
130.964954
132.564954
133.114954
133.664954
135.264954
135.814954
137.414954
137.964954
138.514954
139.064954
139.614954
140.164954
142.064954
142.614954
143.164954
143.714954
144.264954
144.814954
145.364954
145.914954
146.464954
147.014954
147.564954
148.114954
148.664954
149.214954
149.764954
150.314954
150.864954
151.414954
151.964954
152.514954
154.114954
154.664954
155.214954
155.764954
156.314954
156.864954
157.414954
157.964954
158.514954
159.064954
159.614954
160.164954
160.714954
161.264954
161.814954
162.364954
162.914954
163.464954
164.014954
164.564954
165.114954
165.664954
166.214954
166.764954
168.364954
168.914954
169.464954
170.014954
170.564954
171.114954
171.664954
172.214954
172.764954
173.314954
173.864954
174.414954
174.964954
175.514954
176.064954
176.614954
178.514954
179.064954
179.614954
180.164954
180.714954
181.264954
183.414954
183.964954
184.514954
186.664954
187.214954
189.364954
189.914954
190.464954
191.014954
193.164954
193.714954
194.264954
194.814954
195.364954
195.914954
196.464954
197.014954
197.564954
198.114954
198.664954
199.214954
199.764954
