1.144706
1.694706
2.244706
2.794706
3.465106
4.015106
5.615106
6.165106
8.065106
8.615106
10.215106
12.129906
14.265106
16.415106
20.165106
21.765106
22.315106
24.465106
25.015106
25.565106
27.479906
28.029906
28.579906
30.165106
31.765106
32.315106
35.815106
36.365106
36.915106
38.529906
39.079906
39.629906
40.179906
40.729906
41.279906
41.829906
48.515106
49.065932
56.015106
58.165106
58.715106
60.315106
60.865106
61.415106
63.015106
63.565106
65.415106
69.165106
69.715106
71.315106
71.865106
73.765106
75.379906
75.929906
76.479906
77.029906
77.579906
81.329906
81.879906
83.465106
85.615106
87.515106
88.065106
90.229906
93.965106
95.565106
96.115106
98.015106
98.565106
100.165106
100.715106
102.329906
102.879906
104.465106
105.015106
105.565106
106.115106
106.665106
108.265106
108.815106
110.715106
112.315106
112.865106
113.415106
113.965106
117.465106
119.079906
119.629906
120.179906
121.765106
122.315106
122.865106
125.015106
126.615106
127.165106
127.715106
128.265106
128.815106
130.415106
132.029906
132.579906
134.165106
134.715106
135.265106
135.815106
136.365106
137.965106
139.865106
141.465106
143.365106
145.515106
146.065106
146.615106
148.215106
150.115106
150.665106
152.265106
155.765106
156.315106
161.665106
162.215106
165.965106
168.115106
169.715106
170.265106
172.179906
172.729906
173.279906
173.829906
175.965106
176.515106
178.115106
178.665106
179.215106
180.815106
181.365106
181.915106
183.829906
185.415106
185.965106
186.529906
188.679906
190.565106
191.115106
191.665106
192.215106
195.965106
196.515106
197.065106
199.215106
