1.159354
1.709354
2.259354
2.914954
3.464954
4.014954
4.564954
5.114954
6.775700
7.264954
7.814954
8.364954
8.914954
9.464954
10.014954
10.564954
11.129754
11.679754
12.214954
12.764954
13.314954
13.864954
14.414954
16.364954
16.914954
17.464954
18.014954
18.564954
19.114954
19.664954
20.214954
20.764954
21.314954
21.864954
24.014954
27.779754
28.329754
28.879754
29.429754
29.979754
30.529754
31.079754
31.629754
32.179754
32.729754
33.279754
33.829754
34.379754
34.929754
35.479754
36.029754
37.614954
38.164954
38.714954
40.329754
40.879754
41.429754
43.314954
43.864954
44.414954
44.964954
45.514954
46.064954
46.614954
47.164954
47.714954
48.264954
48.814954
49.364954
49.914954
50.464954
51.014954
51.564954
52.114954
52.679754
53.214954
53.764954
54.314954
54.864954
55.414954
55.964954
56.514954
57.064954
57.614954
58.164954
58.714954
59.264954
59.814954
60.364954
62.514954
63.064954
63.614954
64.164954
64.714954
65.279754
65.829754
66.364954
66.914954
67.464954
69.614954
70.164954
70.714954
71.264954
71.814954
72.364954
72.914954
73.464954
74.014954
74.564954
75.114954
75.664954
76.214954
76.764954
77.314954
79.464954
80.014954
80.564954
84.314954
84.864954
85.414954
85.964954
86.514954
87.064954
87.614954
88.164954
88.714954
89.264954
89.814954
90.364954
90.914954
91.464954
92.014954
94.164954
94.714954
96.864954
97.414954
97.964954
98.514954
99.064954
99.614954
100.164954
100.714954
101.264954
101.814954
103.429754
103.979754
104.529754
105.079754
105.629754
106.179754
106.729754
107.279754
107.829754
108.379754
108.929754
109.479754
110.029754
110.594554
111.144554
111.679754
112.229754
112.779754
113.329754
114.914954
115.464954
116.014954
116.564954
117.114954
117.664954
118.214954
118.764954
119.314954
119.864954
120.414954
120.964954
121.514954
122.064954
122.614954
123.164954
123.714954
124.264954
124.814954
125.364954
125.914954
126.464954
127.014954
127.564954
128.114954
128.664954
129.214954
129.764954
130.314954
130.864954
131.414954
131.964954
132.514954
133.064954
133.614954
134.164954
134.714954
135.264954
135.814954
136.364954
136.914954
137.464954
138.014954
138.564954
139.114954
139.664954
140.214954
141.814954
143.414954
143.964954
144.514954
145.064954
145.614954
146.164954
148.064954
148.614954
149.164954
149.714954
150.264954
150.814954
151.364954
151.914954
152.464954
153.014954
153.564954
154.114954
154.664954
155.214954
155.764954
156.314954
158.464954
159.014954
159.564954
160.114954
160.664954
161.214954
161.764954
162.314954
162.864954
164.479754
165.029754
166.914954
167.464954
168.014954
168.564954
169.114954
169.664954
170.214954
170.764954
171.314954
171.864954
172.414954
172.964954
173.514954
174.064954
174.614954
175.164954
175.714954
176.264954
176.814954
178.964954
179.514954
180.064954
180.614954
181.164954
181.714954
182.264954
182.814954
183.364954
183.914954
184.464954
185.014954
185.579754
186.129754
186.679754
188.829754
189.364954
189.914954
190.464954
191.014954
191.564954
192.114954
192.664954
194.264954
194.814954
195.364954
197.264954
197.814954
198.364954
198.914954
199.464954
