1.665106
3.565106
5.715106
6.265106
6.815106
8.915106
9.465106
11.065106
12.665106
14.265106
14.815106
15.365106
15.915106
17.515106
19.115106
19.665106
20.215106
20.765106
21.315106
22.915106
23.465106
24.015106
24.565106
26.165106
27.765106
31.515106
35.015106
35.565106
36.115106
36.665106
37.215106
37.765106
38.315106
38.865106
41.015106
41.565106
42.115106
42.665106
46.415106
46.965106
49.115106
49.665106
51.265106
53.415106
55.315106
57.465106
59.615106
60.165106
60.715106
62.865106
63.415106
63.965106
66.115106
66.665106
68.815106
69.365106
69.915106
72.065106
72.615106
74.215106
75.815106
77.440109
77.965106
79.865106
80.415106
80.965106
82.565106
83.115106
84.715106
86.865106
88.465106
89.015106
89.565106
90.115106
92.015106
93.615106
94.165106
95.765106
97.915106
99.515106
100.065106
100.615106
101.165106
103.315106
103.865106
104.415106
106.315106
106.865106
107.415106
109.565106
110.115106
113.865106
117.615106
118.165106
118.715106
119.265106
121.415106
123.015106
123.565106
124.115106
127.315106
129.465106
131.065106
132.665106
133.215106
134.815106
136.415106
136.965106
137.515106
139.415106
141.015106
143.165106
145.065106
145.615106
147.765106
149.915106
151.515106
152.065106
152.615106
153.165106
154.765106
156.665106
157.215106
158.815106
159.365106
161.515106
163.115106
163.665106
164.215106
164.765106
165.315106
166.915106
167.465106
169.615106
170.165106
172.315106
172.865106
174.465106
178.215106
179.815106
180.365106
182.265106
184.415106
186.015106
186.565106
188.715106
189.265106
189.815106
191.415106
191.965106
192.515106
193.065106
194.965106
198.715106
