1.114954
1.664954
2.214954
2.764954
3.314954
3.864954
4.414954
4.964954
5.514954
6.064954
8.314954
8.864954
9.414954
9.964954
10.514954
11.064954
11.614954
12.164954
12.714954
13.264954
13.814954
14.364954
16.464954
17.014954
17.564954
18.114954
18.664954
19.214954
19.764954
20.314954
20.864954
21.414954
21.964954
22.514954
23.064954
23.614954
24.164954
24.714954
25.264954
25.814954
26.364954
26.914954
27.464954
28.014954
28.564954
29.114954
29.664954
30.214954
30.764954
31.314954
31.864954
34.014954
34.564954
35.114954
35.664954
36.214954
36.764954
37.314954
37.864954
38.414954
38.964954
39.514954
40.064954
40.614954
41.164954
41.714954
42.264954
42.814954
43.364954
43.914954
44.464954
45.014954
45.564954
46.114954
47.714954
48.264954
48.814954
49.364954
51.264954
51.814954
52.364954
52.914954
53.464954
54.014954
54.564954
55.114954
55.664954
56.214954
56.764954
57.314954
57.864954
58.414954
58.964954
59.514954
60.064954
60.614954
61.164954
62.764954
64.364954
64.914954
65.464954
66.014954
66.564954
67.114954
67.664954
68.214954
68.764954
69.314954
69.864954
70.414954
70.964954
71.514954
72.064954
72.614954
73.164954
74.764954
75.314954
76.914954
77.464954
78.014954
78.564954
79.114954
79.664954
80.214954
80.764954
81.314954
81.864954
82.414954
82.964954
83.514954
84.064954
86.034660
88.114954
88.664954
90.264954
90.814954
91.364954
91.914954
92.464954
93.014954
93.564954
95.464954
96.014954
96.564954
97.114954
97.664954
98.214954
98.764954
100.914954
101.464954
102.014954
102.564954
103.114954
103.664954
104.214954
104.764954
105.314954
105.864954
106.414954
106.964954
107.514954
108.064954
108.614954
109.164954
109.714954
110.264954
110.814954
111.364954
111.914954
112.464954
113.014954
113.564954
114.114954
114.664954
115.214954
115.764954
116.314954
116.864954
117.414954
117.964954
118.514954
119.064954
119.614954
120.164954
120.714954
121.264954
121.814954
122.364954
122.914954
123.464954
124.014954
124.564954
125.114954
125.664954
126.214954
126.764954
128.914954
129.464954
130.014954
130.564954
132.714954
133.264954
135.414954
137.564954
138.114954
138.664954
139.214954
139.764954
140.314954
141.914954
142.464954
143.014954
143.564954
144.114954
144.664954
145.214954
145.764954
146.314954
146.864954
147.414954
147.964954
148.514954
149.064954
149.614954
150.164954
150.714954
151.264954
151.814954
152.364954
154.264954
154.814954
155.364954
155.914954
156.464954
157.014954
157.564954
158.114954
158.664954
159.214954
159.764954
160.314954
160.864954
161.414954
161.964954
162.514954
163.064954
163.614954
164.164954
164.714954
165.264954
165.814954
166.364954
168.514954
169.064954
169.614954
170.164954
170.714954
171.264954
171.814954
172.364954
172.914954
173.464954
174.014954
174.564954
175.114954
175.664954
176.214954
176.764954
178.364954
178.914954
179.464954
180.014954
180.564954
181.114954
181.664954
183.264954
183.814954
184.364954
184.914954
186.514954
187.064954
187.614954
189.214954
189.764954
190.314954
190.864954
191.414954
193.014954
193.564954
194.114954
194.664954
195.214954
195.764954
196.314954
196.864954
197.414954
197.964954
198.514954
199.064954
199.614954
