1.114954
1.664954
2.214954
3.814954
5.664954
6.214954
6.790500
7.314954
7.864954
8.414954
8.964954
9.514954
11.114954
11.664954
13.264954
13.814954
14.364954
14.914954
15.464954
16.014954
17.914954
18.464954
19.014954
19.564954
20.114954
20.664954
21.214954
21.764954
22.314954
24.464954
25.014954
25.564954
26.114954
26.664954
27.214954
27.764954
28.314954
28.864954
29.414954
29.964954
30.514954
31.064954
31.614954
32.164954
32.714954
33.264954
33.814954
34.364954
34.914954
35.464954
36.014954
36.564954
37.114954
37.664954
38.214954
38.764954
39.314954
39.864954
40.414954
40.964954
41.514954
42.064954
42.614954
43.164954
43.714954
44.264954
44.814954
45.364954
45.914954
46.464954
47.014954
47.564954
48.114954
48.664954
49.214954
49.764954
50.314954
50.864954
51.414954
51.964954
52.514954
54.664954
55.214954
55.764954
56.314954
56.864954
57.414954
57.964954
58.514954
59.064954
60.664954
61.214954
61.764954
62.314954
62.864954
63.414954
63.964954
65.864954
66.414954
66.964954
67.514954
68.064954
68.614954
69.164954
69.714954
71.864954
72.414954
72.964954
73.514954
74.064954
74.614954
75.164954
75.714954
76.264954
76.814954
78.964954
79.514954
81.114954
81.664954
82.214954
82.764954
83.314954
83.864954
84.414954
84.964954
85.514954
86.064954
86.614954
87.164954
87.714954
88.264954
88.814954
89.364954
89.914954
91.814954
92.364954
92.914954
93.464954
94.014954
94.564954
95.114954
95.664954
96.214954
96.764954
97.314954
97.864954
98.414954
98.964954
99.514954
100.064954
100.614954
101.164954
101.714954
102.264954
102.814954
103.364954
105.514954
106.064954
106.614954
107.164954
107.714954
108.264954
108.814954
109.364954
109.914954
110.464954
111.014954
113.164954
113.714954
114.264954
114.814954
115.364954
115.914954
116.464954
117.014954
117.564954
118.114954
118.664954
119.214954
119.764954
120.314954
121.914954
122.464954
123.014954
123.564954
124.114954
124.664954
125.214954
125.764954
126.314954
126.864954
127.414954
127.964954
128.514954
130.114954
130.664954
131.214954
131.764954
132.314954
132.864954
133.414954
133.964954
134.514954
135.064954
135.614954
136.164954
137.764954
138.314954
138.864954
139.414954
139.964954
140.514954
141.064954
141.614954
142.164954
142.714954
143.264954
143.814954
144.364954
144.914954
145.464954
146.014954
146.564954
147.114954
147.664954
148.214954
148.764954
149.314954
150.914954
151.464954
152.014954
152.564954
153.114954
153.664954
154.214954
154.764954
155.314954
156.914954
157.464954
158.014954
158.564954
159.114954
160.714954
161.264954
161.814954
162.364954
162.914954
163.464954
164.014954
164.564954
165.114954
165.664954
166.214954
166.764954
167.314954
167.864954
168.414954
168.964954
169.514954
170.064954
170.614954
171.164954
173.064954
173.614954
174.164954
174.714954
175.264954
175.814954
176.364954
177.964954
178.514954
179.064954
179.614954
180.164954
180.714954
181.264954
181.814954
183.714954
184.264954
184.814954
185.364954
185.914954
186.464954
187.014954
187.564954
188.114954
188.664954
189.214954
191.364954
191.914954
192.464954
193.014954
195.164954
195.714954
196.264954
196.814954
197.364954
197.914954
198.464954
199.014954
