0.000000
0.000000
0.000000
0.000000
0.000000
0.000000
0.000000
6.677783
6.682480
6.687063
6.691623
6.691703
6.696320
6.700903
6.705463
6.705543
6.710160
6.714743
6.719303
6.719383
6.724000
6.728583
6.733143
6.733223
6.737840
6.742423
6.746983
6.747063
6.751680
6.756263
6.760823
6.760903
6.765520
6.770103
6.774743
0.000000
7.227783
7.232423
7.237063
7.241703
0.000000
8.327783
8.332423
8.337063
8.341703
0.000000
9.427783
9.432423
9.437063
9.441703
0.000000
10.527783
10.532423
10.537063
10.541703
0.000000
11.627783
11.632423
11.637063
11.641703
0.000000
12.177783
12.182423
12.187063
12.191703
0.000000
13.277783
13.282423
13.287063
13.291703
0.000000
14.377783
14.382423
14.387063
14.391703
0.000000
15.477783
15.482423
15.487063
15.491703
0.000000
16.577783
16.582423
16.587063
16.591703
0.000000
17.127783
17.132423
17.137063
17.141703
0.000000
18.227783
18.232423
18.237063
18.241703
0.000000
19.327783
19.332423
19.337063
19.341703
0.000000
20.427783
20.432423
20.437063
20.441703
0.000000
21.527783
21.532423
21.537063
21.541703
0.000000
22.627783
22.632423
22.637063
22.641703
0.000000
23.177783
23.182423
23.187063
23.191703
0.000000
24.277783
24.282423
24.287063
24.291703
0.000000
25.377783
25.382423
25.387063
25.391703
0.000000
26.477783
26.482423
26.487063
26.491703
0.000000
27.577783
27.582423
27.587063
27.591703
0.000000
28.127783
28.132423
28.137063
28.141703
0.000000
29.227783
29.232423
29.237063
29.241703
0.000000
30.327783
30.332423
30.337063
30.341703
0.000000
31.427783
31.432423
31.437063
31.441703
0.000000
32.527783
32.532423
32.537063
32.541703
0.000000
33.627783
33.632423
33.637063
33.641703
0.000000
34.177783
34.182423
34.187063
34.191703
0.000000
35.277783
35.282423
35.287063
35.291703
0.000000
36.377783
36.382423
36.387063
36.391703
0.000000
0.000000
0.000000
0.000000
0.000000
0.000000
0.000000
0.000000
0.000000
0.000000
0.000000
47.378717
47.382423
47.391703
47.392557
0.000000
48.477783
48.487063
48.491703
49.037063
49.050903
0.000000
49.582423
49.587063
49.591703
49.614743
0.000000
50.127783
50.132423
50.141703
0.000000
51.227783
51.241703
51.246263
0.000000
52.327783
52.332423
52.337063
52.341703
52.350903
52.364743
0.000000
53.427783
53.432423
53.437063
53.441703
0.000000
54.528717
54.532423
54.537063
54.541703
0.000000
55.628717
55.632423
55.637063
55.641703
0.000000
56.178717
56.182423
56.187063
56.191703
0.000000
0.000000
0.000000
0.000000
0.000000
0.000000
0.000000
0.000000
0.000000
0.000000
0.000000
0.000000
0.000000
0.000000
0.000000
0.000000
0.000000
0.000000
0.000000
0.000000
0.000000
0.000000
0.000000
0.000000
0.000000
0.000000
82.583512
82.597352
0.000000
83.133512
83.147352
83.161192
83.683512
83.697352
83.711192
0.000000
84.233512
84.247352
84.261192
84.275032
84.288872
84.782423
84.796263
84.810103
84.823943
84.837783
0.000000
85.333486
85.347326
85.361166
85.375006
85.388846
85.402686
85.416526
85.430366
85.444206
85.458046
85.471886
85.485726
85.882423
85.896263
85.910103
85.923943
85.937783
85.951623
85.965463
85.979303
85.993143
86.006983
0.000000
86.427783
86.441623
86.455463
86.469303
86.483143
86.496983
86.510823
86.524663
86.538503
86.552343
86.566183
86.580023
86.593863
86.607703
86.621543
86.982423
86.996263
87.010103
87.023943
87.037783
87.051623
87.065463
87.079303
87.093143
0.000000
87.106983
87.120823
0.000000
0.000000
0.000000
0.000000
0.000000
92.477783
92.487063
92.491703
92.493517
92.500903
92.505543
0.000000
93.577783
93.587063
93.591703
93.593517
0.000000
94.127783
94.137063
94.141703
94.143517
0.000000
95.227783
95.232423
95.237063
95.241703
0.000000
96.327783
96.332423
96.337063
96.341703
0.000000
0.000000
0.000000
