0.000000
0.000000
0.000000
0.000000
0.000000
0.000000
0.000000
0.000000
0.000000
0.000000
0.000000
0.000000
0.000000
0.000000
0.000000
0.000000
0.000000
0.000000
0.000000
0.000000
0.000000
0.000000
0.000000
0.000000
0.000000
0.000000
0.000000
0.000000
0.000000
0.000000
0.000000
0.000000
0.000000
0.000000
0.000000
0.000000
0.000000
0.000000
0.000000
0.000000
0.000000
0.000000
0.000000
42.119643
42.384349
42.469643
42.469643
42.469643
0.000000
43.219643
43.484349
43.569643
43.574330
0.000000
44.119643
44.319643
44.584349
0.000000
45.169842
45.134349
45.169842
45.169842
45.219643
45.419643
0.000000
46.234349
46.319643
46.769842
0.000000
0.000000
48.919842
48.919842
0.000000
49.469842
49.469842
0.000000
51.069842
0.000000
0.000000
0.000000
0.000000
0.000000
0.000000
0.000000
0.000000
0.000000
0.000000
0.000000
0.000000
0.000000
0.000000
0.000000
0.000000
0.000000
0.000000
0.000000
0.000000
0.000000
0.000000
0.000000
0.000000
0.000000
0.000000
0.000000
77.369643
77.369643
77.369643
77.369643
77.619643
77.584349
0.000000
78.169643
78.134349
78.469643
0.000000
79.269643
79.234349
79.569643
0.000000
80.119643
80.369643
80.334349
0.000000
81.219643
81.469643
81.474330
81.434349
81.474330
0.000000
82.319643
82.569643
82.534349
0.000000
83.119643
82.568506
82.319643
83.634349
82.569643
83.634349
83.118506
0.000000
84.219643
83.119643
83.668506
82.319643
84.184349
84.734349
82.569643
84.734349
84.218506
84.218506
85.019643
85.019643
0.000000
85.219842
85.219842
85.219842
85.219842
84.219643
83.119643
84.768506
82.319643
85.284349
85.284349
85.669643
85.769842
85.769842
85.822417
85.834349
82.569643
85.834349
85.318506
85.318506
85.019643
85.019643
85.318506
85.219842
85.219842
85.219842
85.219842
0.000000
86.219643
86.369643
84.219643
83.119643
85.868506
82.319643
86.384349
86.384349
85.669643
85.769842
85.769842
85.822417
86.384349
86.934349
82.569643
86.934349
86.413866
86.413866
85.019643
85.019643
86.413866
0.000000
85.219842
85.219842
85.219842
85.219842
86.413866
86.219643
86.369643
84.219643
83.119643
86.968506
82.319643
87.484349
87.484349
85.669643
85.769842
85.769842
87.484349
85.822417
87.484349
87.969643
0.000000
88.269643
88.269643
88.469842
88.469842
88.519643
88.584349
0.000000
89.134349
90.069842
0.000000
90.069842
90.069842
90.234349
90.419643
90.419643
90.619842
90.974283
0.000000
91.334349
91.519643
91.524283
0.000000
0.000000
0.000000
0.000000
0.000000
0.000000
0.000000
0.000000
