0.000000
0.000000
0.000000
0.000000
0.000000
0.000000
0.000000
0.000000
0.000000
0.000000
0.000000
0.000000
0.000000
0.000000
0.000000
0.000000
0.000000
0.000000
0.000000
0.000000
0.000000
0.000000
0.000000
0.000000
0.000000
0.000000
0.000000
0.000000
0.000000
0.000000
0.000000
0.000000
0.000000
0.000000
0.000000
0.000000
0.000000
0.000000
0.000000
0.000000
0.000000
0.000000
0.000000
42.133731
42.441677
42.483627
42.497467
42.511307
0.000000
43.233627
43.541677
43.583627
43.602297
0.000000
44.133627
44.333627
44.641677
0.000000
45.183969
45.191677
45.197809
45.211649
45.233627
45.433627
0.000000
46.291677
46.333627
46.793727
0.000000
0.000000
48.933969
48.947809
0.000000
49.483969
49.497809
0.000000
51.083969
0.000000
0.000000
0.000000
0.000000
0.000000
0.000000
0.000000
0.000000
0.000000
0.000000
0.000000
0.000000
0.000000
0.000000
0.000000
0.000000
0.000000
0.000000
0.000000
0.000000
0.000000
0.000000
0.000000
0.000000
0.000000
0.000000
0.000000
77.383627
77.397467
77.411307
77.425147
77.633627
77.641677
0.000000
78.183627
78.191677
78.483627
0.000000
79.283627
79.291677
79.583627
0.000000
80.147467
80.383627
80.391677
0.000000
81.233627
81.483627
81.488457
81.491677
81.502297
0.000000
82.333627
82.583731
82.591677
0.000000
83.133731
83.141677
83.155517
83.691677
83.705517
83.719357
83.733197
0.000000
84.233627
84.241677
84.255517
84.269357
84.283197
84.791677
84.805517
84.819357
84.833197
84.847037
85.033627
85.047467
0.000000
85.233969
85.261649
85.275489
85.317009
85.337037
85.350877
85.364717
85.378557
85.392397
85.406237
85.683627
85.797809
85.811649
85.848224
85.891677
85.905517
85.919357
85.933197
85.947037
85.960877
85.974717
85.988557
86.002397
86.016237
86.030077
86.043917
0.000000
86.233627
86.398224
86.441677
86.455517
86.469357
86.483197
86.497037
86.510877
86.524717
86.538557
86.552397
86.566237
86.580077
86.991677
87.005517
87.019357
87.033197
87.047037
87.060877
87.074717
87.088557
0.000000
87.102397
87.116237
87.130077
87.143917
87.157757
87.171597
87.185437
87.541677
87.555517
87.569357
87.583197
87.597037
87.610877
87.624717
87.638557
87.652397
87.666237
87.680077
87.693917
87.983627
0.000000
88.283627
88.297467
88.483969
88.511649
88.533627
88.641677
0.000000
89.191677
90.097809
0.000000
90.111649
90.125489
90.291677
90.433627
90.447467
90.633969
91.002107
0.000000
91.391677
91.533627
91.552107
0.000000
0.000000
0.000000
0.000000
0.000000
0.000000
0.000000
0.000000
