0.000000
0.000000
0.000000
0.000000
0.000000
0.000000
0.000000
0.000000
0.000000
0.000000
0.000000
0.000000
0.000000
0.000000
0.000000
0.000000
0.000000
0.000000
0.000000
0.000000
0.000000
0.000000
0.000000
0.000000
0.000000
0.000000
0.000000
0.000000
0.000000
0.000000
0.000000
0.000000
0.000000
0.000000
0.000000
0.000000
0.000000
0.000000
37.133627
37.333627
37.491677
37.793727
0.000000
38.233627
38.343727
38.433627
38.591677
0.000000
39.333627
39.533627
39.691677
0.000000
40.241677
40.433627
40.633627
41.043727
41.057567
0.000000
41.183627
41.341677
41.533627
0.000000
0.000000
0.000000
0.000000
0.000000
0.000000
0.000000
0.000000
0.000000
0.000000
0.000000
0.000000
0.000000
0.000000
0.000000
0.000000
0.000000
0.000000
0.000000
0.000000
0.000000
0.000000
0.000000
0.000000
0.000000
0.000000
67.143584
67.187037
67.533627
0.000000
68.243584
68.287037
68.833969
68.847809
0.000000
69.183731
69.197571
69.343584
69.387037
0.000000
70.487037
70.993584
0.000000
71.543584
71.587037
71.883731
71.897571
72.093727
0.000000
72.107567
72.121407
72.433627
72.643727
72.682397
0.000000
73.193584
73.207424
73.237037
73.533627
0.000000
74.247809
74.261649
74.337037
74.797467
0.000000
75.183627
75.333627
75.441677
75.733627
75.861649
0.000000
76.283627
76.541677
76.933627
0.000000
0.000000
0.000000
0.000000
0.000000
0.000000
0.000000
0.000000
0.000000
0.000000
0.000000
0.000000
0.000000
0.000000
0.000000
0.000000
0.000000
0.000000
0.000000
0.000000
0.000000
0.000000
0.000000
