0.000000
0.000000
0.000000
0.000000
0.000000
0.000000
0.000000
6.663866
6.668506
6.673146
6.663866
6.677786
6.668506
6.673146
6.663866
6.677786
6.668506
6.673146
6.663866
6.677786
6.668506
6.673146
6.663866
6.677786
6.668506
6.673146
6.663866
6.677786
6.668506
6.673146
6.663866
6.677786
6.668506
6.673146
6.677786
0.000000
7.213866
7.218506
7.223146
7.227786
0.000000
8.313866
8.318506
8.323146
8.327786
0.000000
9.413866
9.418506
9.423146
9.427786
0.000000
10.513866
10.518506
10.523146
10.527786
0.000000
11.613866
11.618506
11.623146
11.627786
0.000000
12.163866
12.168506
12.173146
12.177786
0.000000
13.263866
13.268506
13.273146
13.277786
0.000000
14.363866
14.368506
14.373146
14.377786
0.000000
15.463866
15.468506
15.473146
15.477786
0.000000
16.563866
16.568506
16.573146
16.577786
0.000000
17.113866
17.118506
17.123146
17.127786
0.000000
18.213866
18.218506
18.223146
18.227786
0.000000
19.313866
19.318506
19.323146
19.327786
0.000000
20.413866
20.418506
20.423146
20.427786
0.000000
21.513866
21.518506
21.523146
21.527786
0.000000
22.613866
22.618506
22.623146
22.627786
0.000000
23.163866
23.168506
23.173146
23.177786
0.000000
24.263866
24.268506
24.273146
24.277786
0.000000
25.363866
25.368506
25.373146
25.377786
0.000000
26.463866
26.468506
26.473146
26.477786
0.000000
27.563866
27.568506
27.573146
27.577786
0.000000
28.113866
28.118506
28.123146
28.127786
0.000000
29.213866
29.218506
29.223146
29.227786
0.000000
30.313866
30.318506
30.323146
30.327786
0.000000
31.413866
31.418506
31.423146
31.427786
0.000000
32.513866
32.518506
32.523146
32.527786
0.000000
33.613866
33.618506
33.623146
33.627786
0.000000
34.163866
34.168506
34.173146
34.177786
0.000000
35.263866
35.268506
35.273146
35.277786
0.000000
36.363866
36.368506
36.373146
36.377786
0.000000
0.000000
0.000000
0.000000
0.000000
0.000000
0.000000
0.000000
0.000000
0.000000
0.000000
47.363866
47.368506
47.377786
47.363866
0.000000
48.463866
48.473146
48.477786
48.919842
48.919842
0.000000
49.568506
49.573146
49.577786
49.469842
0.000000
50.113866
50.118506
50.127786
0.000000
51.213866
51.227786
51.218506
0.000000
52.313866
52.318506
52.323146
52.327786
52.323146
52.323146
0.000000
53.413866
53.418506
53.423146
53.427786
0.000000
54.513866
54.518506
54.523146
54.527786
0.000000
55.613866
55.618506
55.623146
55.627786
0.000000
56.163866
56.168506
56.173146
56.177786
0.000000
0.000000
0.000000
0.000000
0.000000
0.000000
0.000000
0.000000
0.000000
0.000000
0.000000
0.000000
0.000000
0.000000
0.000000
0.000000
0.000000
0.000000
0.000000
0.000000
0.000000
0.000000
0.000000
0.000000
0.000000
0.000000
82.568506
82.319643
0.000000
82.569643
82.534349
83.118506
83.119643
83.668506
82.319643
0.000000
83.634349
82.569643
83.634349
84.218506
84.218506
84.219643
83.119643
84.768506
82.319643
84.184349
0.000000
84.734349
82.569643
84.734349
85.318506
85.318506
85.019643
85.019643
85.318506
85.219842
85.219842
85.219842
85.219842
84.219643
83.119643
85.868506
82.319643
85.284349
85.284349
85.669643
85.769842
85.769842
85.822417
0.000000
85.834349
82.569643
85.834349
86.413866
86.413866
85.019643
85.019643
86.413866
85.219842
85.219842
85.219842
85.219842
86.413866
86.219643
86.369643
84.219643
83.119643
86.968506
82.319643
86.384349
86.384349
85.669643
85.769842
85.769842
0.000000
85.822417
86.384349
0.000000
0.000000
0.000000
0.000000
0.000000
92.463866
92.473146
92.477786
92.468506
92.473146
92.477786
0.000000
93.563866
93.573146
93.577786
93.568506
0.000000
94.113866
94.123146
94.127786
94.118506
0.000000
95.213866
95.218506
95.223146
95.227786
0.000000
96.313866
96.318506
96.323146
96.327786
0.000000
0.000000
0.000000
