0.000000
0.000000
0.000000
0.000000
0.000000
0.000000
0.000000
0.000000
0.000000
0.000000
0.000000
0.000000
0.000000
0.000000
0.000000
0.000000
0.000000
0.000000
0.000000
0.000000
0.000000
0.000000
0.000000
0.000000
0.000000
0.000000
0.000000
0.000000
0.000000
0.000000
0.000000
0.000000
0.000000
0.000000
0.000000
0.000000
0.000000
0.000000
37.119643
37.319643
37.419549
37.769842
0.000000
38.219643
38.319842
38.419643
38.519549
0.000000
39.319643
39.519643
39.619549
0.000000
40.169549
40.419643
40.619643
41.019842
41.019842
0.000000
41.169643
41.269549
41.519643
0.000000
0.000000
0.000000
0.000000
0.000000
0.000000
0.000000
0.000000
0.000000
0.000000
0.000000
0.000000
0.000000
0.000000
0.000000
0.000000
0.000000
0.000000
0.000000
0.000000
0.000000
0.000000
0.000000
0.000000
0.000000
0.000000
67.124211
67.119549
67.519643
0.000000
68.224211
68.219549
68.819842
68.819842
0.000000
69.169643
69.169643
69.324211
69.319549
0.000000
70.419549
70.974211
0.000000
71.524211
71.519549
71.869643
71.869643
72.078899
0.000000
72.078899
72.078899
72.419643
72.628899
72.619549
0.000000
73.174211
73.174211
73.169549
73.519643
0.000000
74.219842
74.219842
74.272395
74.769643
0.000000
75.169643
75.319643
75.369549
75.719643
75.819842
0.000000
76.269643
76.469549
76.919643
0.000000
0.000000
0.000000
0.000000
0.000000
0.000000
0.000000
0.000000
0.000000
0.000000
0.000000
0.000000
0.000000
0.000000
0.000000
0.000000
0.000000
0.000000
0.000000
0.000000
0.000000
0.000000
0.000000
