22.072218
22.086058
22.099898
22.100000
22.622218
22.622218
22.622326
23.100000
23.172218
23.172218
23.172326
24.100000
24.272218
24.272218
24.272326
25.100000
25.372218
25.372218
25.372326
26.100000
26.472218
26.472218
26.472326
52.100000
52.322218
52.322218
52.322326
53.100000
53.422218
53.422218
53.422326
54.100000
54.522218
54.522218
54.522326
55.100000
55.622218
55.622218
55.622326
56.100000
56.172218
56.172218
56.172326
72.100000
72.122218
72.122326
72.136058
72.149898
72.163738
72.672218
73.100000
73.222218
73.222218
73.222326
74.100000
74.322218
74.322218
74.322326
75.100000
75.422218
75.422218
75.422326
76.100000
76.522218
76.522326
87.100000
87.522218
87.522218
87.522326
88.100000
88.622218
88.622218
88.622326
89.100000
89.172218
89.172218
89.172326
90.100000
90.272218
90.272218
90.272326
91.100000
91.372218
91.372218
91.372326
