6.500000
6.500000
6.500000
6.500000
6.500000
6.500000
6.500000
6.500000
6.500000
6.500000
6.500000
6.500000
6.500000
6.500000
6.672218
6.672300
6.686058
6.686140
6.699898
6.699980
6.713738
6.713820
6.727578
6.727660
6.741418
6.741500
6.755258
6.755340
7.100000
7.222218
7.222218
7.222300
8.100000
8.322218
8.322218
8.322300
9.100000
9.422218
9.422218
9.422300
10.100000
10.522218
10.522218
10.522300
11.100000
11.622218
11.622300
32.000000
32.000000
32.000000
32.000000
32.000000
32.000000
32.000000
32.000000
32.000000
32.000000
32.000000
32.000000
32.000000
32.000000
32.000000
32.000000
32.013738
32.027578
32.041418
32.055258
32.100000
32.522218
32.522218
32.522300
32.536058
32.549898
32.563738
32.577578
32.591418
32.605258
32.619098
32.632938
32.646778
32.660618
32.674458
32.688298
32.702138
33.100000
33.622218
33.622218
33.622300
34.100000
34.172218
34.172218
34.172300
35.100000
35.272218
35.272218
35.272300
36.100000
36.372218
36.372218
36.372300
77.000000
77.100000
77.622218
77.622218
77.622300
78.100000
78.172218
78.172218
78.172300
79.100000
79.272218
79.272218
79.272300
80.100000
80.372218
80.372218
80.372300
81.100000
81.472218
81.472218
81.472300
92.100000
92.472218
92.472218
92.472300
93.100000
93.572218
93.572218
93.572300
94.100000
94.122218
94.122300
94.672218
95.100000
95.222218
95.222218
95.222300
96.100000
96.322218
96.322218
96.322300
