5.000000
5.000000
5.000000
5.000000
5.000000
5.100000
5.528453
5.542293
5.546933
5.556133
5.560773
5.569973
5.574613
5.583813
5.588453
5.597653
5.602293
6.083093
6.100000
6.633093
6.642293
7.100000
7.178453
8.100000
8.828453
8.928453
8.942293
9.100000
9.478453
9.928453
10.100000
10.478453
10.578453
11.100000
11.128453
12.100000
12.228453
12.628453
12.642293
13.100000
13.328453
13.728453
14.100000
14.278453
15.100000
15.378453
15.478453
15.492293
16.100000
16.478453
17.100000
17.128453
17.142293
18.100000
18.628453
18.642293
19.028453
19.100000
19.192293
19.578453
20.100000
20.128453
20.278453
21.100000
21.378453
22.100000
22.828453
22.842293
23.028453
23.100000
23.378453
23.578453
24.100000
24.128453
24.478453
25.000000
25.000000
25.000000
25.000000
25.000000
25.000000
25.000000
25.000000
25.000000
25.000000
25.000000
25.000000
25.000000
25.000000
25.000000
25.000000
25.000000
25.000000
25.000000
25.000000
25.000000
25.000000
25.000000
25.000000
25.000000
25.100000
25.100000
25.578453
26.100000
26.100000
26.128453
26.828508
26.842348
27.100000
27.100000
27.228453
27.392366
28.100000
28.100000
28.478564
29.100000
29.100000
29.378453
29.392293
30.100000
30.100000
30.478453
30.628638
30.642478
31.100000
31.100000
31.578453
31.728672
32.100000
32.100000
32.128453
33.100000
33.100000
33.228453
34.100000
34.100000
34.328453
34.728736
34.742576
35.100000
35.278741
35.292581
35.428453
36.100000
37.100000
38.100000
38.128453
38.142293
38.156133
38.478748
38.492588
38.506428
39.100000
39.778453
40.100000
40.328453
41.100000
41.192591
41.206431
41.428453
42.100000
42.528453
43.100000
43.628453
44.100000
44.178453
44.961170
44.975010
45.100000
45.278453
46.100000
46.878453
47.039467
47.053307
47.080987
47.100000
48.100000
49.100000
50.100000
51.100000
52.000000
52.000000
52.000000
52.000000
52.100000
52.378453
52.392293
53.100000
54.028453
54.100000
54.578453
55.100000
55.128453
56.100000
56.778453
57.006238
57.100000
57.100000
57.328453
57.528541
58.100000
58.100000
58.428453
58.628506
59.100000
59.100000
59.178489
59.528453
60.100000
60.100000
60.278458
60.628453
61.100000
61.100000
61.178453
61.378430
62.000000
62.000000
62.000000
62.000000
62.000000
62.100000
62.100000
62.478405
62.928453
63.100000
63.100000
63.478453
63.578382
64.100000
64.100000
64.128372
64.578453
65.100000
65.100000
65.128453
65.228354
66.100000
66.100000
66.328338
67.000000
67.000000
67.000000
67.000000
67.000000
67.000000
67.000000
67.000000
67.000000
67.000000
67.000000
67.000000
67.000000
67.000000
67.000000
67.000000
67.000000
67.000000
67.000000
67.000000
67.000000
67.000000
67.000000
67.000000
67.000000
67.000000
67.000000
67.000000
67.100000
67.100000
67.278453
67.292293
67.428325
68.100000
68.100000
68.378453
68.528313
69.100000
69.100000
69.478453
69.628303
70.100000
70.100000
70.178299
70.578453
71.100000
71.100000
71.128453
71.278291
72.100000
72.100000
72.378284
72.728453
73.100000
73.100000
73.278453
73.478279
74.100000
74.100000
74.578274
75.100000
75.100000
75.128273
75.178453
75.192293
76.100000
76.100000
76.228270
76.278453
77.100000
77.100000
77.328268
78.100000
78.100000
78.428268
78.428453
78.442293
79.100000
79.100000
79.528268
80.100000
80.100000
80.578453
80.592293
80.628269
81.100000
81.100000
81.128453
81.178269
82.100000
82.100000
82.228453
82.278269
83.100000
83.100000
83.328453
83.378269
84.100000
84.100000
84.428453
84.478269
85.100000
85.100000
85.528453
85.578269
86.100000
86.100000
86.128269
87.100000
87.100000
87.228269
88.100000
88.100000
88.328269
89.078453
89.092293
89.100000
89.100000
89.106133
89.428269
90.100000
90.100000
90.528269
91.100000
91.100000
91.228453
91.242293
91.256133
91.628269
92.100000
92.100000
92.178269
93.100000
93.100000
93.278269
93.928453
93.942293
94.100000
94.100000
94.378269
94.478453
95.100000
95.100000
95.478269
95.578453
96.100000
96.100000
96.128453
96.578269
97.100000
97.100000
97.128269
98.100000
98.100000
98.228269
98.828453
98.842293
99.100000
99.100000
99.328269
99.378453
