0.000000
0.000000
0.000000
0.000000
0.000000
5.100000
5.519643
5.519643
5.524283
5.519643
5.524283
5.519643
5.524283
5.519643
5.524283
5.519643
5.524283
6.074283
6.100000
6.624283
6.619643
7.100000
7.169643
8.100000
8.819643
8.919643
8.919643
9.100000
9.469643
9.919643
10.100000
10.469643
10.569643
11.100000
11.119643
12.100000
12.219643
12.619643
12.619643
13.100000
13.319643
13.719643
14.100000
14.269643
15.100000
15.369643
15.469643
15.469643
16.100000
16.469643
17.100000
17.119643
17.119643
18.100000
18.619643
18.619643
19.019643
19.100000
19.169643
19.569643
20.100000
20.119643
20.269643
21.100000
21.369643
22.100000
22.819643
22.819643
23.019643
23.100000
23.369643
23.569643
24.100000
24.119643
24.469643
0.000000
0.000000
0.000000
0.000000
0.000000
0.000000
0.000000
0.000000
0.000000
0.000000
0.000000
0.000000
0.000000
0.000000
0.000000
0.000000
0.000000
0.000000
0.000000
0.000000
0.000000
0.000000
0.000000
0.000000
0.000000
25.100000
25.100000
25.569643
26.100000
26.100000
26.119643
26.819680
26.819680
27.100000
27.100000
27.219643
27.369693
28.100000
28.100000
28.469719
29.100000
29.100000
29.369643
29.369643
30.100000
30.100000
30.469643
30.619770
30.619770
31.100000
31.100000
31.569643
31.719794
32.100000
32.100000
32.119643
33.100000
33.100000
33.219643
34.100000
34.100000
34.319643
34.719838
34.719838
35.100000
35.269841
35.269841
35.419643
36.100000
37.100000
38.100000
38.119643
38.119643
38.119643
38.469846
38.469846
38.469846
39.100000
39.769643
40.100000
40.319643
41.100000
41.169848
41.169848
41.419643
42.100000
42.519643
43.100000
43.619643
44.100000
44.169643
44.919847
44.919847
45.100000
45.269643
46.100000
46.869643
46.919846
46.919846
46.919846
46.919846
47.100000
48.100000
49.100000
50.100000
51.100000
47.419643
49.069643
49.619643
50.169643
52.100000
52.369643
52.369643
53.100000
54.019643
54.100000
54.569643
55.100000
55.119643
56.100000
56.769643
56.969715
57.100000
57.100000
57.319643
57.519703
58.100000
58.100000
58.419643
58.619679
59.100000
59.100000
59.169667
59.519643
60.100000
60.100000
60.269646
60.619643
61.100000
61.100000
61.169643
61.369626
48.119643
48.119643
50.869643
50.869643
51.419643
62.100000
62.100000
62.469609
62.919643
63.100000
63.100000
63.469643
63.569594
64.100000
64.100000
64.119587
64.569643
65.100000
65.100000
65.119643
65.219574
66.100000
66.100000
66.319563
0.000000
0.000000
0.000000
0.000000
0.000000
46.919846
46.919846
0.000000
0.000000
53.669789
53.669789
53.669789
53.669789
53.669789
53.669789
53.669789
53.669789
53.669789
0.000000
0.000000
55.319753
55.319753
55.319753
55.319753
55.319753
55.869741
0.000000
67.100000
67.100000
67.269643
67.269643
67.419554
68.100000
68.100000
68.369643
68.519546
69.100000
69.100000
69.469643
69.619539
70.100000
70.100000
70.169536
70.569643
71.100000
71.100000
71.119643
71.269530
72.100000
72.100000
72.369526
72.719643
73.100000
73.100000
73.269643
73.469522
74.100000
74.100000
74.569519
75.100000
75.100000
75.119518
75.169643
75.169643
76.100000
76.100000
76.219516
76.269643
77.100000
77.100000
77.319515
78.100000
78.100000
78.419514
78.419643
78.419643
79.100000
79.100000
79.519515
80.100000
80.100000
80.569643
80.569643
80.619515
81.100000
81.100000
81.119643
81.169515
82.100000
82.100000
82.219643
82.269515
83.100000
83.100000
83.319643
83.369515
84.100000
84.100000
84.419643
84.469515
85.100000
85.100000
85.519643
85.569515
86.100000
86.100000
86.119515
87.100000
87.100000
87.219515
88.100000
88.100000
88.319515
89.069643
89.069643
89.100000
89.100000
89.069643
89.419515
90.100000
90.100000
90.519515
91.100000
91.100000
91.219643
91.219643
91.219643
91.619515
92.100000
92.100000
92.169515
93.100000
93.100000
93.269515
93.919643
93.919643
94.100000
94.100000
94.369515
94.469643
95.100000
95.100000
95.469515
95.569643
96.100000
96.100000
96.119643
96.569515
97.100000
97.100000
97.119515
98.100000
98.100000
98.219515
98.819643
98.819643
99.100000
99.100000
99.319515
99.369643
