2.715106
3.815106
4.365106
7.865106
10.029906
13.779906
14.329906
16.465106
20.215106
21.815106
23.509309
23.965106
24.515106
25.076269
25.615106
26.165106
27.779906
28.329906
30.215106
30.765106
32.929906
33.465106
34.015106
35.615106
37.794706
39.379906
39.929906
40.479906
42.094706
44.229906
45.815106
46.379906
46.915106
48.815106
50.415106
52.315106
52.865106
54.465106
62.779906
64.879906
65.429906
69.165106
69.715106
70.265106
72.429906
72.979906
76.715106
78.865106
79.415106
81.015106
81.565106
82.115106
82.665106
84.565106
86.715106
88.865106
90.479906
92.065106
92.615106
94.229906
94.779906
96.379906
98.265106
99.865106
100.415106
100.965106
101.515106
103.115106
103.665106
105.565106
107.165106
107.715106
109.615106
110.165106
115.515106
116.065106
118.229906
119.815106
120.365106
122.515106
124.115106
125.744706
126.294706
126.844706
127.394706
127.944706
128.415106
128.965106
130.579906
131.129906
133.265106
133.815106
134.365106
134.915106
135.465106
137.615106
139.215106
