77.565110
78.115098
78.665033
79.214956
79.764904
80.314890
80.864890
81.429690
81.964890
82.514890
83.064890
83.614890
84.164890
84.831459
85.264890
85.829690
86.379690
86.914890
87.464890
88.014890
88.564890
89.114890
89.664890
90.214890
90.764890
91.314890
91.879690
92.414890
92.964890
93.514890
94.064890
94.614890
95.164890
95.714890
96.264890
96.814890
97.364890
97.914890
98.464890
99.014890
99.579690
100.129690
100.679690
101.214890
101.764890
102.314890
102.879690
103.429690
103.964890
104.514890
105.064890
105.614890
106.164890
106.714890
107.264890
107.814890
108.364890
108.914890
109.464890
110.014890
110.564890
111.114890
111.664890
112.214890
112.764890
113.314890
113.864890
114.414890
114.964890
115.514890
116.079690
116.629690
117.164890
117.714890
118.264890
118.814890
119.364890
119.914890
120.464890
121.029690
121.564890
122.114890
122.664890
123.214890
123.764890
124.314890
124.864890
125.414890
125.964890
126.514890
127.064890
127.614890
128.164890
128.714890
129.264890
129.814890
130.364890
130.914890
131.464890
132.014890
132.564890
133.114890
133.664890
134.229690
134.779690
135.314890
135.864890
136.429690
136.964890
137.514890
138.064890
138.614890
139.164890
139.729690
