41.559883
43.159883
44.759883
46.909882
47.459882
49.059880
49.609880
53.109859
53.659854
54.209848
54.759842
55.309836
55.859830
56.409823
56.959817
57.509811
58.059805
58.609799
59.159793
59.709788
60.259782
60.809777
61.359773
61.909768
62.459764
63.009760
63.559757
64.109753
64.659750
65.209747
65.759744
66.309741
66.859739
67.409737
67.959735
68.509733
69.059731
69.609729
70.159728
70.709726
71.259725
71.809724
72.359723
72.909722
73.459721
74.009720
74.559719
75.109719
75.659718
76.209718
76.759717
77.309717
77.859717
78.409717
78.959717
79.509717
80.059718
80.609718
81.159718
81.709718
82.259718
82.809718
83.359718
83.909718
84.459718
85.009718
85.559718
86.109718
86.659718
87.209718
87.759718
88.309718
88.859718
89.409718
89.959718
90.509718
91.059718
91.609718
92.159718
92.709718
93.259718
93.809718
94.359718
94.909718
95.459718
96.009718
96.559718
97.109718
97.659718
98.209718
98.759718
99.309718
99.859718
