1.115106
1.665106
2.215106
4.515106
6.665106
7.215106
7.765106
8.315106
8.865106
9.415106
11.565106
12.115106
13.715106
15.315106
17.215106
17.765106
18.315133
18.865106
19.415106
21.015106
21.565106
23.165106
24.765106
26.915106
29.065106
30.965106
34.715106
36.315106
37.915106
38.465106
39.015106
39.565106
41.465106
42.015106
43.615106
45.215106
47.115106
49.303949
49.815106
51.965106
54.115106
55.715106
57.615106
58.165106
58.715106
60.315106
60.865106
63.015106
64.615106
65.165106
67.115106
69.215106
69.765106
70.315106
70.865106
71.415106
71.965106
74.115106
76.265106
76.815106
78.415106
78.965106
79.515106
80.065106
81.665106
83.265106
84.865106
85.415106
85.965106
86.515106
87.065106
87.615106
88.165106
88.715106
89.265106
89.815106
91.415106
93.015106
93.565106
94.115106
96.015106
101.365106
101.915106
103.515106
104.065106
105.665106
107.815106
112.915106
113.465106
115.065106
115.615106
117.515106
119.665106
123.415106
125.565106
127.165106
129.065106
129.615106
131.215106
132.815106
133.365106
134.965106
135.515106
