74.579910
75.129901
75.665058
76.215006
77.314955
78.915017
79.465071
80.015106
82.194146
82.715106
84.315106
84.865106
85.415106
85.965106
86.515106
87.065106
88.965106
89.515106
90.079906
90.629906
94.379906
94.929906
95.465106
97.629906
98.179906
100.315106
100.865106
101.415106
103.015106
108.129906
109.729906
111.626909
112.915106
113.465106
114.015106
117.515106
119.679906
120.229906
122.365106
122.915106
124.515106
125.079906
125.615106
126.198824
128.428306
128.879906
130.579384
131.015106
131.565106
133.165106
133.715106
134.265106
134.815106
135.365106
137.265106
138.865106
139.415106
139.965106
