38.365089
38.915048
39.464998
40.014954
40.564954
42.714954
43.264954
43.814954
44.364954
44.914954
45.464954
46.014954
46.564954
47.114954
47.664954
48.214954
51.964954
54.114954
54.664954
55.214954
55.764954
57.364954
57.914954
58.464954
59.014954
59.564954
60.114954
60.664954
61.214954
61.764954
62.314954
63.914954
64.464954
65.014954
65.564954
66.114954
66.664954
67.214954
67.764954
68.314954
68.864954
69.414954
69.964954
71.864954
72.414954
72.964954
73.514954
74.064954
74.614954
76.214954
76.764954
77.314954
77.864954
78.414954
78.964954
79.514954
80.064954
80.614954
81.164954
83.064954
84.664954
85.214954
85.764954
86.314954
86.864954
87.414954
87.964954
88.514954
89.064954
89.614954
90.164954
90.714954
91.264954
91.814954
92.364954
92.914954
93.464954
95.364954
95.914954
98.064954
98.614954
99.164954
99.714954
100.264954
100.814954
101.364954
101.914954
102.464954
103.014954
103.564954
104.114954
105.714954
106.264954
106.814954
107.364954
107.914954
108.464954
109.014954
109.564954
111.164954
111.714954
112.264954
114.164954
114.714954
115.264954
115.814954
116.364954
116.914954
117.464954
118.014954
120.164954
120.714954
121.264954
121.814954
122.364954
124.514954
125.064954
125.614954
126.164954
126.714954
127.264954
127.814954
128.364954
128.914954
129.464954
130.014954
130.564954
132.664954
133.214954
133.764954
134.314954
134.864954
135.414954
135.964954
136.514954
137.064954
137.614954
138.164954
138.714954
139.264954
139.814954
140.364954
140.914954
141.464954
142.014954
142.564954
143.114954
143.664954
145.814954
146.364954
146.914954
147.464954
148.014954
148.564954
149.114954
149.664954
150.214954
150.764954
151.314954
151.864954
152.414954
152.964954
155.114954
155.664954
156.214954
156.764954
157.314954
157.864954
158.414954
158.964954
159.514954
160.064954
160.614954
161.164954
161.714954
163.864954
164.414954
164.964954
165.514954
166.064954
166.614954
168.214954
168.764954
169.314954
169.864954
170.414954
170.964954
171.514954
172.064954
173.664954
174.214954
174.764954
175.314954
175.864954
176.414954
176.964954
178.564954
179.114954
179.664954
180.214954
180.764954
181.314954
181.864954
182.414954
182.964954
183.514954
184.064954
184.614954
185.164954
185.714954
187.614954
188.164954
188.714954
189.264954
189.814954
190.364954
190.914954
191.464954
192.014954
192.564954
193.114954
193.664954
194.214954
194.764954
195.314954
195.864954
196.414954
196.964954
197.514954
198.064954
198.614954
199.164954
199.714954
