1.159354
1.709354
2.259354
2.914954
3.464954
4.014954
4.564954
5.114954
6.775700
7.264954
7.814954
8.364954
8.914954
9.464954
10.014954
10.564954
11.129754
11.679754
12.214954
12.764954
13.314954
13.864954
14.414954
16.364954
16.914954
17.464954
18.014954
18.564954
19.114954
19.664954
20.214954
20.764954
21.314954
21.864954
24.014954
24.564954
25.114954
25.664954
27.264954
27.814954
28.364954
28.914954
29.464954
30.029754
31.914954
32.464954
33.014954
35.164954
35.714954
37.329754
37.879754
38.429754
38.979754
39.529754
40.079754
40.629754
41.179754
41.729754
43.314954
43.864954
44.414954
44.964954
46.564954
47.114954
47.664954
48.214954
48.764954
49.314954
49.864954
50.414954
53.614954
54.164954
54.714954
55.264954
55.814954
56.364954
56.914954
57.464954
58.014954
58.579754
59.129754
59.679754
60.214954
61.814954
62.364954
64.264954
66.414954
66.964954
69.114954
69.664954
70.214954
70.764954
71.314954
71.864954
72.414954
72.964954
73.514954
74.064954
74.614954
75.164954
76.779754
77.329754
77.879754
78.429754
78.979754
79.529754
80.079754
80.629754
81.179754
81.729754
82.279754
82.829754
83.379754
83.944554
84.494554
85.029754
85.579754
86.129754
86.679754
87.229754
87.779754
88.329754
88.879754
89.429754
89.979754
90.529754
91.079754
92.964954
93.514954
94.064954
94.614954
96.214954
96.764954
97.314954
97.864954
98.414954
98.964954
99.514954
100.064954
100.614954
102.214954
102.764954
103.314954
103.864954
104.414954
104.979754
106.879754
107.414954
107.964954
108.514954
109.064954
109.614954
110.164954
110.714954
111.264954
111.829754
112.379754
112.929754
113.479754
114.029754
114.579754
115.129754
115.679754
116.229754
116.764954
118.379754
118.929754
119.479754
120.029754
120.579754
122.164954
122.714954
123.279754
123.829754
124.379754
124.929754
125.464954
126.029754
126.579754
127.129754
127.664954
128.164954
128.714954
129.264954
129.814954
130.364954
130.914954
131.464954
132.014954
132.564954
133.114954
133.664954
134.214954
134.764954
136.714954
137.264954
139.414954
139.964954
140.514954
141.064954
141.614954
142.164954
142.714954
143.264954
143.814954
144.364954
144.914954
145.464954
146.014954
146.564954
147.114954
147.664954
148.214954
148.764954
149.314954
149.864954
150.414954
150.964954
151.514954
152.064954
152.614954
153.164954
153.714954
154.264954
155.864954
156.414954
156.979754
158.864954
159.414954
159.964954
160.514954
161.064954
163.229754
163.779754
164.314954
166.479754
167.029754
167.564954
168.114954
168.664954
169.214954
169.764954
170.314954
170.864954
171.414954
171.964954
172.514954
173.064954
173.614954
174.164954
174.714954
175.264954
175.814954
176.364954
176.914954
177.464954
178.014954
178.564954
179.114954
179.664954
180.214954
180.764954
181.314954
181.864954
182.414954
182.964954
183.514954
184.064954
184.614954
185.164954
185.714954
186.264954
186.814954
187.364954
187.914954
191.664954
192.214954
192.764954
193.314954
193.864954
194.414954
194.964954
196.564954
198.164954
198.714954
199.264954
199.814954
