1.218706
1.768706
2.289106
2.929906
3.465106
5.629906
6.194706
6.744706
8.329906
9.915106
10.479906
12.365106
12.915106
13.465106
14.015106
14.565106
15.115106
15.665106
16.215106
18.365106
20.536029
22.115106
22.866146
23.258589
23.794749
24.330909
24.867069
31.779906
32.329906
34.479906
35.029906
36.615106
38.215106
40.115106
41.726373
42.276373
44.179906
44.715106
45.265106
45.815106
47.979906
49.565106
50.115106
50.665106
52.265106
52.815106
53.365106
54.965106
58.479906
60.065106
60.629906
61.192029
65.965106
71.065110
73.244710
74.815118
75.379928
76.980005
77.544875
