77.565110
78.115098
78.665033
79.214956
79.764904
80.464890
81.014890
81.564890
82.114890
82.664890
83.214890
83.764890
84.314890
84.864890
85.414890
85.964890
86.514890
87.064890
87.629690
88.179690
88.729690
89.279690
89.829690
90.379690
90.929690
91.479690
92.029690
92.579690
93.129690
93.679690
94.230059
94.779690
95.329690
95.879690
96.414890
96.964890
97.514890
98.064890
98.614890
99.164890
99.714890
100.264890
100.814890
101.364890
101.914890
102.464890
103.014890
103.579690
104.129690
104.664890
105.214890
105.764890
106.314890
106.864890
107.414890
107.964890
108.514890
109.064890
109.614890
110.164890
110.714890
111.264890
111.814890
112.364890
112.914890
113.464890
114.014890
114.564890
115.114890
115.664890
116.214890
116.764890
117.314890
117.864890
118.414890
118.964890
119.514890
120.064890
120.614890
121.164890
121.714890
122.264890
122.814890
123.364890
123.914890
124.464890
125.014890
125.564890
126.114890
126.664890
127.214890
127.764890
128.314890
128.864890
129.414890
129.964890
130.514890
131.064890
131.614890
132.164890
132.714890
133.264890
133.814890
134.364890
134.914890
135.464890
136.014890
136.564890
137.114890
137.664890
138.214890
138.764890
139.314890
139.864890
140.414890
140.964890
141.514890
142.064890
142.614890
143.164890
143.714890
144.264890
144.814890
145.364890
145.914890
146.479690
147.029690
147.564890
148.114890
148.664890
149.214890
149.764890
150.314890
150.864890
151.414890
151.964890
152.514890
153.064890
153.614890
154.164890
154.714890
155.264890
155.814890
156.364890
156.914890
157.464890
158.014890
158.564890
159.114890
159.664890
160.214890
160.764890
161.314890
161.864890
162.414890
162.964890
163.514890
164.064890
164.614890
165.164890
165.714890
166.264890
166.814890
167.364890
167.914890
168.464890
169.014890
169.564890
170.114890
170.664890
171.214890
171.764890
172.314890
172.864890
173.414890
173.964890
174.514890
175.064890
175.614890
176.164890
176.714890
177.264890
177.814890
178.364890
178.914890
179.464890
180.014890
180.564890
181.114890
181.664890
182.214890
182.779690
183.314890
183.864890
184.414890
184.964890
185.514890
186.094490
186.644490
187.194490
187.729690
188.279690
188.829690
189.379690
189.929690
190.479690
191.029690
191.579690
192.129690
192.679690
193.229690
193.779690
194.329690
194.879690
195.429690
195.979690
196.529690
197.079690
197.629690
198.179690
198.729690
199.279690
199.829690
