1.144554
1.694554
2.229754
2.779754
3.329754
3.879754
4.564954
5.153997
5.664954
6.244644
6.766964
7.314954
7.864954
8.414954
8.964954
9.514954
11.664954
12.214954
12.764954
13.314954
13.864954
14.414954
14.964954
15.514954
16.064954
16.614954
17.164954
17.714954
18.264954
18.814954
19.364954
19.914954
20.464954
21.014954
22.614954
23.164954
23.714954
24.264954
24.814954
25.364954
25.914954
26.464954
27.014954
27.564954
28.114954
28.664954
29.214954
30.814954
31.364954
31.914954
32.464954
33.014954
34.614954
36.214954
37.829754
38.379754
38.929754
39.479754
40.029754
40.579754
41.114954
41.664954
42.214954
42.764954
43.314954
45.464954
46.014954
46.564954
47.114954
49.014954
49.564954
50.114954
50.664954
51.214954
51.779754
52.332021
52.879754
54.464954
57.979754
58.785434
59.094554
59.629754
61.229754
61.779754
62.314954
62.864954
63.414954
63.964954
64.464954
65.014954
65.564954
67.164954
67.714954
69.314954
69.864954
70.414954
70.964954
71.514954
72.064954
72.614954
73.164954
73.714954
74.264954
74.814954
75.364954
75.914954
77.514954
78.064954
78.614954
79.333745
80.764954
81.329754
82.914954
83.464954
84.029754
84.579754
85.129754
85.679754
86.229754
86.779754
87.329754
87.879754
88.429754
88.979754
89.529754
91.414954
91.964954
92.514954
93.064954
93.614954
94.164954
94.714954
95.264954
95.814954
96.364954
96.914954
97.464954
99.064954
99.614954
100.164954
100.714954
101.264954
101.814954
102.364954
102.914954
103.464954
104.014954
104.564954
105.114954
105.664954
106.214954
106.764954
107.314954
107.864954
108.414954
108.964954
109.529754
110.079754
110.629754
111.179754
111.714954
112.264954
112.814954
114.714954
115.264954
115.814954
116.364954
116.914954
117.464954
118.014954
118.564954
120.714954
121.264954
121.814954
122.364954
122.914954
123.464954
124.014954
124.564954
125.114954
125.664954
126.214954
126.764954
127.314954
127.864954
128.414954
128.964954
129.514954
130.064954
130.614954
131.164954
132.764954
133.314954
133.864954
134.414954
134.964954
135.514954
136.064954
136.614954
137.164954
137.714954
138.264954
