34.115116
34.665110
35.215110
35.765094
36.315056
36.865007
37.414961
37.964924
38.514898
39.064880
39.614868
40.164862
40.714862
41.264862
41.814862
42.364862
42.914862
43.464862
44.014862
44.564862
45.114862
45.664862
46.214862
46.764862
47.314862
47.864862
48.414862
48.964862
49.514862
50.064862
50.614862
51.164862
51.714862
52.264862
52.814862
53.364862
53.914862
54.464862
55.014862
55.564862
56.114862
56.664862
57.214862
57.764862
58.314862
58.864862
59.414862
59.964862
60.514862
61.064862
61.614862
62.164862
62.714862
63.264862
63.814862
64.364862
64.914862
65.464862
66.014862
66.564862
67.114862
67.664862
68.214862
68.764862
69.314862
69.864862
70.414857
70.964859
71.514859
72.064857
72.614866
73.164892
73.714949
74.265043
