2.715106
3.265106
3.965106
4.515106
6.115106
7.715106
8.265106
9.865106
10.415106
12.015106
13.615106
14.165106
14.715106
16.315106
16.865106
23.665106
24.215106
24.765106
25.315106
25.992349
27.915106
28.465106
30.065106
30.615106
31.165106
32.765106
33.315106
33.865106
37.365106
39.515106
40.065106
42.215106
45.965106
46.515106
47.065106
48.665106
50.710829
52.165106
52.715106
54.615106
57.815106
59.415106
61.015106
62.615106
63.165106
64.715106
65.265106
65.815106
69.015106
69.565106
70.115106
70.665106
72.265106
72.815106
73.365106
74.965106
76.565106
77.115106
79.265106
81.165106
81.715106
82.265106
82.815106
84.415106
84.965106
87.115106
88.715106
92.215106
94.365106
96.515106
98.115106
100.015106
100.565106
101.115106
103.265106
103.815106
105.415106
107.315106
107.865106
109.465106
110.015106
112.165106
113.765106
115.915106
116.465106
118.065106
119.965106
122.115106
125.865106
126.415106
126.965106
127.515106
128.065106
128.615106
130.715106
132.865106
133.415106
133.965106
134.515106
135.065106
137.215106
