1.144554
1.694554
2.244554
2.794554
3.329754
3.879754
4.429754
4.979754
5.529754
6.079754
8.314954
8.864954
9.414954
9.964954
10.514954
11.064954
11.614954
12.164954
12.714954
13.264954
13.814954
14.364954
14.914954
15.464954
16.014954
16.564954
17.114954
17.664954
18.214954
20.379754
20.929754
21.479754
22.029754
24.164954
24.729754
25.264954
25.814954
26.364954
27.064954
27.614954
28.164954
28.714954
29.264954
29.814954
30.379754
30.929754
31.479754
32.014954
32.564954
33.129754
33.679754
34.229754
34.779754
35.329754
35.879754
36.414954
36.964954
37.514954
38.064954
38.614954
39.164954
39.736797
40.264954
40.814954
41.364954
41.914954
42.464954
43.014954
43.564954
44.114954
44.664954
46.264954
47.864954
49.765941
50.315941
50.864954
51.414954
51.964954
52.514981
53.064954
53.614954
54.164954
54.716601
55.264954
55.814954
56.364954
56.914954
57.464954
58.014954
58.564954
59.114954
61.264954
61.814954
62.364954
62.914981
63.464954
65.614954
66.245517
66.714954
68.314954
68.864954
70.764977
71.314994
73.079616
73.560431
75.515106
77.665110
79.265119
81.415139
84.915139
87.079939
91.865139
93.465139
96.965139
97.515139
107.665139
109.265139
114.615139
117.815139
119.965139
122.115139
123.715139
130.115139
136.815139
137.365139
140.565139
144.065139
146.215139
146.765139
150.515139
152.115139
153.729939
155.315139
159.065139
159.615139
161.215139
164.965139
169.765139
170.315139
170.865139
171.415139
173.565139
175.165139
176.765139
178.665139
182.429939
182.979939
186.165139
191.265139
194.465139
196.065139
197.665139
199.265139
199.815139
