1.144706
1.694706
2.244706
2.794706
3.465106
4.015106
5.615106
6.165106
8.065106
8.615106
10.215106
12.129906
14.265106
16.415106
20.165106
21.765106
22.315106
24.465106
26.065106
26.615106
27.165106
27.715106
28.265106
30.165106
32.265106
32.815106
33.365106
34.965106
37.115106
38.715106
39.265133
40.865106
41.415106
41.965106
43.865106
49.215106
49.765106
50.315106
50.865106
53.015106
53.565106
54.115106
54.665106
56.279906
56.829906
58.715106
59.265106
60.865106
61.415106
61.965106
62.515106
67.565106
69.715106
70.265106
70.815106
72.965106
73.515106
74.065106
76.215106
76.765106
77.315106
77.865106
79.465106
80.015106
81.615106
82.165106
84.065106
89.415106
89.965106
90.515106
91.065106
93.215106
94.815106
96.715106
98.315106
98.865106
99.415106
99.965106
100.515106
101.065106
101.615106
105.115106
106.715106
108.315106
108.865106
109.415106
111.315106
112.915106
115.065106
115.615106
117.765106
119.365106
121.515106
123.115106
123.665106
124.215106
124.765106
126.365106
128.265106
132.015106
132.565106
134.165106
136.315106
136.865106
138.465106
140.379906
142.515106
144.115106
144.665106
146.265106
146.815106
147.365106
147.915106
148.465106
149.015106
150.915106
151.465106
153.615106
155.215106
156.815106
158.715106
159.265106
159.815106
160.365106
161.965106
162.515106
163.065106
163.615106
165.779906
166.329906
166.879906
168.465106
170.365106
172.515106
176.265106
176.815106
178.965106
180.565106
182.179906
184.065106
184.615106
185.165106
185.715106
187.865106
188.415106
190.565106
192.715106
196.465106
197.015106
198.615106
