1.114954
1.664954
2.214954
2.764954
3.314954
3.864954
4.414954
4.964954
5.514954
6.064954
6.614954
8.914954
9.464954
10.014954
10.564954
11.114954
11.664954
12.214954
12.764954
13.314954
13.864954
15.464954
16.014954
16.564954
17.114954
19.014954
19.564954
20.114954
20.664954
22.814954
23.364954
23.914954
24.464954
25.014954
25.564954
26.114954
26.664954
27.214954
29.364954
29.914954
30.464954
31.014954
31.564954
32.114954
32.664954
33.214954
33.764954
34.314954
34.864954
35.414954
35.964954
38.114954
38.664954
39.214954
39.764954
40.314954
40.864954
41.414954
41.964954
42.514954
43.064954
43.614954
44.164954
44.714954
45.264954
46.864954
47.414954
47.964954
48.514954
49.064954
49.614954
50.164954
50.714954
51.264954
51.814954
52.364954
52.914954
53.464954
54.014954
54.564954
55.114954
55.664954
56.214954
56.764954
57.314954
57.864954
58.414954
58.964954
59.514954
60.064954
60.614954
61.164954
61.714954
62.264954
62.814954
63.364954
63.914954
64.464954
65.014954
65.564954
66.114954
66.664954
67.214954
67.764954
68.314954
68.864954
69.414954
69.964954
70.514954
71.064954
71.614954
72.164954
72.714954
73.264954
73.814954
74.364954
76.264954
76.814954
78.414954
78.964954
79.514954
80.064954
80.614954
81.164954
81.714954
82.264954
82.814954
83.364954
83.914954
84.464954
85.014954
86.614954
87.164954
87.714954
89.614954
90.164954
90.714954
91.264954
91.814954
92.364954
92.914954
93.464954
94.014954
94.564954
95.114954
95.664954
96.214954
96.764954
97.314954
97.864954
98.414954
