1.109781
1.659781
2.209781
2.759781
3.309781
3.859781
4.409781
4.959781
5.509781
6.059781
6.609781
8.036789
9.909781
10.459781
11.009781
11.559781
12.109781
12.659781
13.209781
13.759781
14.309781
14.859781
15.409781
15.959781
16.509781
17.059781
19.159781
19.709781
20.259781
20.809781
21.359781
21.909781
22.459781
23.009781
23.559781
24.109781
26.259781
26.809781
27.359781
27.909781
28.459781
29.009781
29.559781
30.109781
30.659781
31.209781
32.809781
33.359781
33.909781
34.459781
35.009781
35.559781
36.109781
36.659781
38.259781
38.809781
39.359781
39.909781
40.459781
41.009781
41.559781
42.109781
42.659781
43.209781
44.809781
45.359781
45.909781
46.459781
47.009781
48.609781
49.159781
49.709781
