1.114954
1.664954
2.214954
2.764954
3.314954
3.864954
4.414954
4.964954
5.514954
6.064954
6.614954
7.164954
7.714954
8.264954
8.814954
9.364954
9.914954
10.464954
11.014954
11.564954
13.714954
14.264954
14.814954
15.364954
15.914954
16.464954
17.014954
17.564954
18.114954
18.664954
19.764954
20.314954
20.864954
21.414954
21.964954
22.514954
23.064954
23.614954
24.164954
24.714954
25.264954
25.814954
26.364954
28.264954
28.814954
30.414954
30.964954
31.514954
33.114954
35.014954
35.573194
36.114954
36.664954
37.214954
37.764954
39.914954
40.464954
41.014954
41.564954
42.114954
42.664954
43.214954
43.764954
44.314954
44.864954
45.414954
45.964954
46.514954
47.064954
47.614954
48.164954
48.714954
50.864954
51.414954
52.138314
53.564954
54.114954
54.664954
55.214954
55.764954
56.471997
56.937997
57.431677
57.964954
58.514954
59.064954
59.617837
60.164954
60.714954
61.264954
61.814954
62.364954
62.914954
63.464954
64.014954
64.564954
65.114954
65.664954
66.214954
66.764954
67.314954
69.395517
69.914954
71.577684
73.464954
74.014954
74.564954
75.114954
77.264954
77.818484
78.364954
80.514954
81.065323
81.614954
82.164954
82.714954
83.264954
83.814954
84.364954
86.514954
87.064954
87.614954
88.164954
88.714954
89.264954
89.814954
90.364954
90.914954
91.464954
92.014954
92.564954
94.714954
95.264954
95.814954
96.364954
96.914954
99.064954
99.614954
100.164954
100.714954
101.264981
101.815738
102.365738
102.914954
103.464954
104.014954
104.564954
105.114954
105.664954
106.214954
106.764954
107.314981
107.865941
108.415941
108.964954
109.514981
110.064954
110.614981
111.164981
111.714954
112.264954
112.814981
113.364981
113.914954
114.464954
115.014954
115.564954
116.114954
116.664981
117.214954
118.814954
119.364954
119.914954
120.464954
121.014954
121.564954
122.114954
122.664954
123.214954
123.764954
124.314954
124.864954
125.414954
125.964954
126.514954
127.064954
127.614954
128.164954
128.714954
129.264954
129.814954
130.364954
130.914954
131.464954
132.014954
132.564954
133.114954
133.664954
134.214954
134.764954
135.314954
135.864954
136.414954
136.964954
138.564954
139.114954
139.664954
141.564954
143.164954
143.714954
144.264954
144.814954
145.364954
145.914954
146.464954
147.014954
147.564954
148.114954
148.664954
149.214954
149.764954
150.314954
150.864954
151.414954
151.964954
152.514954
153.064954
153.614954
154.164954
155.764954
157.364954
157.914954
158.464954
159.014954
159.564954
161.164954
161.714954
162.264954
162.814954
163.364954
163.914954
164.464954
165.014954
165.564954
166.114954
166.664954
167.214954
167.764954
168.314954
168.864954
169.414954
169.964954
170.514954
172.414954
172.964954
173.514954
174.064954
174.614954
175.164954
175.714954
176.264954
176.814954
177.364954
177.914954
178.464954
179.014954
179.564954
180.114954
180.664954
181.214954
181.764954
182.314954
182.864954
183.414954
183.964954
184.514954
186.114954
187.714954
188.264954
188.814954
190.714954
191.264954
191.814954
192.364954
194.514954
195.064954
195.614954
196.164954
196.714954
197.264954
197.814954
198.364954
198.914954
199.464954
