1.109781
1.659781
2.209781
2.759781
3.309781
3.859781
4.409781
4.959781
5.509781
6.059781
7.159781
8.759781
9.309781
9.859781
10.409781
10.959781
11.509781
12.059781
12.609781
13.159781
13.709781
15.609781
16.159781
16.709781
17.259781
18.859781
19.409781
19.959781
20.509781
22.659781
23.209781
23.759781
24.309781
24.859781
25.409781
25.959781
26.509781
27.059781
27.609781
29.209781
29.759781
30.309781
30.859781
31.409781
31.959781
32.509781
33.059781
33.609781
34.159781
34.709781
35.259781
35.809781
36.359781
37.959781
38.509781
39.059781
39.609781
40.159781
40.709781
41.259781
41.809781
42.359781
42.909781
43.459781
44.009781
44.559781
45.109781
47.009781
47.559781
48.109781
48.659781
49.209781
49.759781
50.309781
50.859781
51.409781
51.959781
52.509781
53.059781
53.609781
54.159781
54.709781
55.259781
55.809781
56.359781
56.909781
57.459781
58.009781
58.559781
59.109781
59.659781
60.209781
60.759781
62.909781
63.459781
64.009781
64.559781
65.109781
66.709781
67.259781
67.809781
68.359781
68.909781
69.459781
70.009781
70.559781
71.109781
72.709781
73.259781
75.159781
75.709781
76.259781
76.809781
78.409781
78.959781
80.559781
81.109781
81.659781
82.209781
82.759781
83.309781
83.859781
84.409781
84.959781
85.509781
86.059781
87.959781
88.509781
89.059781
91.209781
91.759781
93.909781
94.459781
95.009781
95.559781
96.109781
96.659781
98.809781
99.359781
99.909781
