1.129754
1.679754
2.229754
2.779754
3.329754
3.864954
4.564954
5.114954
5.664954
6.214954
6.764954
7.314954
7.864954
8.414954
8.964954
9.514954
10.064954
10.614954
11.164954
11.714954
12.264954
12.814954
13.364954
13.914954
14.464954
15.014954
15.564954
16.114954
16.664954
17.216501
17.764954
18.314954
18.864954
20.464954
21.014954
21.564954
22.114954
22.679754
23.229754
25.114954
25.664954
26.214954
28.364954
28.914954
29.464954
30.014954
30.564954
31.114954
31.664954
32.214954
32.764954
33.314954
33.864954
34.414954
36.014954
36.564981
37.114954
37.664954
38.214954
38.764954
39.314954
39.864954
40.414954
42.314954
42.864954
43.414954
43.964954
46.114954
46.664954
47.214954
47.764954
49.914954
50.464954
51.014954
51.564954
52.114954
54.264954
54.814954
55.364954
57.564954
58.114954
58.914954
59.464954
60.014954
60.564954
61.114954
61.664954
62.214954
62.764954
63.314954
63.864954
64.414954
64.964954
65.514954
66.064954
66.614954
67.164981
67.714954
68.264954
68.814954
69.364954
69.914954
70.464954
71.014954
71.564954
72.114954
72.664954
73.214954
73.764981
74.314954
74.864954
75.414954
76.180074
76.514954
77.064954
77.614954
78.164954
78.729754
79.282049
79.829754
80.379754
81.168877
81.479754
82.107437
84.164954
84.714954
85.279754
85.829754
86.379754
86.929754
87.479754
88.029754
88.579754
89.129754
89.679754
90.229754
90.779754
91.329754
91.879754
92.429754
92.979754
93.529754
95.664954
96.214954
96.764954
98.914954
101.064954
101.614954
102.164954
102.714954
103.264954
103.814954
104.364954
104.914954
105.464954
107.064954
107.614954
108.164954
108.714954
109.391366
109.814954
110.364954
110.914954
112.914954
113.464954
114.014954
114.564954
115.114954
115.664954
116.214954
116.764954
117.314954
117.864954
118.414954
118.964954
119.514954
120.064954
120.614954
121.164954
121.714954
122.264954
122.814954
123.364954
123.914954
124.464954
125.014954
125.564954
126.114954
126.664954
127.214954
127.764954
128.314954
128.864954
129.414954
129.964954
130.514954
131.064954
131.614954
132.164954
132.714954
134.329754
134.879754
135.429754
135.979754
136.529754
137.079754
137.629754
138.179754
138.729754
139.279754
139.829754
