1.129906
1.679906
2.229906
2.779906
3.315106
4.415106
6.015106
6.565106
8.165106
8.715106
12.215106
14.379906
15.965106
16.515106
17.065106
17.615106
19.765106
21.365106
21.915106
22.465106
23.015106
24.915106
27.065106
28.665106
32.165106
34.315106
35.915106
36.465106
38.065106
40.215106
40.765106
42.665106
43.215106
43.765106
44.315106
46.465106
47.015106
48.615106
49.165106
50.765106
52.665106
55.879906
56.429906
61.515106
63.115106
63.665106
65.265106
65.815106
66.365106
66.915106
67.465106
69.365106
69.915106
70.465106
71.015106
71.565106
73.165106
76.665106
78.815106
79.365106
80.965106
86.065106
87.665106
88.215106
88.765106
90.915106
91.465106
92.015106
95.515106
96.065106
98.215106
98.765106
100.915106
103.065106
103.615106
105.215106
105.765106
107.665106
111.415106
111.965106
112.515106
113.065106
113.615106
115.215106
115.765106
116.315106
117.915106
119.515106
120.065106
120.615106
122.215106
122.765106
123.315106
126.815106
127.365106
127.915106
128.465106
129.015106
129.565106
130.115106
135.465106
137.615106
139.779906
141.365106
141.915106
142.465106
143.015106
144.615106
145.165106
145.715106
147.315106
148.915106
149.465106
150.015106
150.565106
151.115106
153.015106
154.615106
155.165106
157.329906
158.915106
159.465106
163.215106
163.765106
164.315106
164.865106
166.465106
168.065106
168.615106
169.165106
169.715106
170.265106
171.865106
172.415106
172.965106
173.515106
175.665106
176.215106
176.765106
177.315106
179.465106
180.015106
180.565106
185.665106
187.265106
187.815106
189.415106
189.965106
190.515106
192.129906
194.279906
195.865106
196.415106
196.965106
197.515106
198.065106
199.665106
