4.468786
6.065106
7.665106
8.165106
9.765106
10.315106
12.216995
12.765106
13.315106
13.865106
14.416435
14.965106
17.115106
17.665106
18.215106
18.765106
20.915106
21.466093
23.065106
23.615106
24.165106
24.715106
25.265106
25.815106
27.415106
29.565106
32.765106
34.915106
37.065106
42.165106
42.774053
44.865106
47.015106
49.165106
52.915106
53.465106
55.065106
55.615106
59.365106
59.915106
65.015106
65.565106
66.115106
66.665106
67.215106
68.815106
70.415106
70.965106
71.515106
72.065106
73.665106
75.267069
77.165106
78.765106
79.315106
79.865106
81.465106
84.677746
88.415106
88.965106
90.565106
92.165106
92.715106
93.265106
96.765106
97.315106
97.865106
99.465106
101.615106
102.165106
102.715106
107.815106
108.365106
109.965106
111.865106
112.415106
117.765106
120.965106
121.602589
122.065106
122.769069
123.402109
124.765106
125.315106
128.815106
129.365106
129.915106
132.065106
132.615106
136.365106
136.915106
139.065106
139.615106
141.215106
143.115106
145.265106
145.815106
147.965106
148.515106
150.665106
151.215106
151.765106
153.365106
156.865106
157.415106
159.015106
159.565106
161.165106
161.715106
162.265106
163.865106
165.465106
166.015106
166.565106
167.115106
167.665106
168.215106
169.815106
171.415106
171.965106
172.515106
173.065106
173.615106
174.165106
174.715106
175.265106
176.865106
177.415106
177.965106
178.515106
182.015106
185.215106
185.765106
186.315106
186.865106
187.415106
187.965106
188.515106
190.115106
192.265106
196.015106
198.165106
198.715106
199.265106
199.815106
