77.065110
77.615102
79.764956
80.314954
80.864954
81.964954
82.514954
83.064954
83.614954
85.529754
86.079754
86.629754
87.179754
87.729754
88.279754
88.829781
89.379754
89.914954
90.464954
92.615783
93.164954
93.714954
94.264954
94.814954
95.364954
95.914954
96.464954
97.014954
97.564954
98.114954
98.664954
99.214954
99.764954
101.364954
101.914954
103.514954
104.064954
104.614954
106.214954
106.779754
107.314954
107.914954
108.464954
109.014954
109.564954
110.114954
110.664954
111.214954
111.764954
112.314954
112.864954
113.414954
113.964954
114.514954
115.064954
115.614954
117.214954
117.764954
118.314954
118.864954
119.414954
119.964954
120.514954
121.064954
121.614954
122.164954
122.714954
123.264954
125.164954
125.714954
126.314954
126.864954
127.414954
127.964954
128.564954
129.114954
129.664954
130.214954
130.764954
131.329754
131.879754
132.414954
132.964954
133.514954
134.064954
134.614954
135.164954
135.714954
137.329754
137.879754
138.414954
138.964954
139.514954
