1.129754
1.679754
2.229754
2.779754
3.314954
4.414954
4.964954
5.514954
6.064954
6.614954
7.164954
7.714954
8.264954
8.814954
9.364954
9.914954
10.464954
11.014954
11.564954
12.114954
12.664954
13.214954
13.764954
14.314954
15.914954
16.464954
17.029754
17.579754
18.129754
18.664954
19.214954
19.764954
20.314954
20.864954
21.414954
21.964954
22.514954
23.064954
23.614954
24.164954
24.714954
25.264954
25.814954
26.364954
26.914954
27.464954
28.014954
28.564954
29.114954
29.679754
30.229754
30.779754
31.329754
31.879754
32.379754
32.914954
33.464954
34.014954
34.564954
35.114954
35.664954
36.214954
37.814954
38.364954
38.914954
39.464954
40.014954
40.564954
41.114954
41.664954
42.214954
42.764954
43.314954
43.864954
44.414954
44.964954
45.514954
46.064954
46.614954
47.164954
47.714954
48.264954
50.164954
50.714954
51.264954
51.814954
52.379754
52.929754
53.464954
54.014954
54.564954
55.114954
55.664954
56.214954
56.764954
57.314954
57.864954
60.014954
60.564954
61.114954
61.664954
62.214954
62.764954
63.314954
63.864954
64.414954
64.964954
65.514954
66.064954
66.614954
67.164954
67.714954
68.264954
69.864954
70.414954
70.964954
71.514954
72.064954
72.614954
73.164954
73.714954
74.264954
74.814954
75.364954
75.914954
76.464954
78.064954
78.614954
79.164954
79.714954
80.264954
80.814954
81.364954
81.914954
82.464954
83.014954
83.564954
85.164954
87.064954
87.614954
88.164954
88.714954
89.264954
90.864954
91.414954
91.964954
92.539957
93.064954
93.614954
94.164954
94.714954
95.264954
95.814954
96.364954
96.914954
98.814954
100.964954
101.514954
102.066501
102.614954
103.164954
105.314954
105.864954
106.414954
106.964954
107.514954
108.064954
108.614954
109.164954
109.714954
110.264954
110.829754
111.379754
113.514954
114.064954
114.614954
115.164954
115.714954
116.264954
116.814954
117.364954
117.929754
119.514954
120.079754
120.629754
121.179754
121.729754
122.264954
122.814954
123.364954
124.964954
125.514954
126.064954
126.614954
127.164954
127.714954
128.264954
128.814954
129.364954
129.914954
130.464954
131.014954
131.564954
132.114954
132.664954
133.214954
133.764954
134.314954
134.864954
135.414954
135.964954
136.514954
137.064954
137.614954
138.164954
138.714954
139.264954
139.814954
