1.159506
1.709506
2.365106
6.094706
9.215106
11.365106
11.915106
12.465106
13.015106
13.565106
15.465106
16.015106
18.165106
18.715106
20.315106
21.915106
22.465106
23.015106
24.915106
27.065106
28.679906
30.826269
31.365106
32.979906
34.565106
35.115106
36.715106
40.465106
41.015106
41.565106
42.115106
42.665106
47.855426
48.315106
50.465106
51.015106
51.565106
53.179906
55.315106
55.865106
56.415106
59.915106
60.465106
62.065106
63.665106
64.215106
66.365106
66.915106
68.829906
70.429906
70.979906
72.865106
73.415106
73.965106
74.515106
76.665106
77.215106
77.765106
78.315106
79.915106
80.465106
81.015106
82.915106
83.465106
84.015106
85.615106
87.215106
88.815106
90.415106
92.329906
92.879906
93.415106
97.165106
97.729906
99.865106
100.415475
100.965106
102.565106
104.165106
104.715106
105.265106
105.815106
107.415106
107.965106
108.515106
109.065106
110.665106
112.265106
116.015106
116.565106
117.115106
117.665106
118.215106
118.765106
119.315106
120.915106
124.115106
127.865106
128.415106
132.165106
134.065106
135.665106
136.215106
136.765106
137.315106
138.915106
139.465106
140.015106
141.615106
142.165106
142.715106
144.879906
145.415106
147.329906
148.915106
150.829906
151.379906
153.515106
154.065106
155.665106
157.565106
162.929906
163.479906
165.065106
168.565106
169.115106
169.665106
170.215106
171.815106
172.365106
175.865106
179.615106
180.165106
182.329906
183.929906
185.515106
187.415106
187.965106
188.515106
189.065106
191.215106
194.415106
194.965106
196.565106
198.465106
199.015106
199.565106
