77.629901
78.165058
78.715006
79.264970
79.814955
80.364954
80.915941
81.465941
82.014954
82.564954
83.114954
85.029754
85.579754
86.129754
86.679754
87.229754
87.764954
88.672637
89.114717
91.114954
91.664954
92.214954
92.764954
93.314954
93.864954
94.414954
94.964954
97.114954
97.664954
98.214954
98.764954
99.314954
99.864954
100.414954
100.964954
101.514954
102.064954
102.614954
103.164954
103.714954
104.279754
104.829754
105.379754
105.929754
106.479754
107.029754
107.579754
108.129754
108.679754
109.214954
109.764954
110.314954
112.479781
113.014981
113.564981
114.114954
116.264954
116.814954
118.964954
121.129754
121.679754
122.214954
122.764954
123.314954
123.864954
124.414954
124.964954
125.514954
127.679754
128.381997
128.799997
129.329754
129.894554
130.429754
130.979754
131.529754
133.791677
134.214954
134.764954
135.514954
136.064954
136.614954
137.164954
137.714954
138.343357
138.814954
140.487997
140.998397
141.561277
142.064954
142.614954
143.231806
143.714954
144.264954
144.814954
145.398957
145.914954
146.464954
147.014954
147.564954
148.114954
148.664954
149.214954
149.764954
150.590237
150.864954
151.414954
151.964954
152.514954
153.064954
153.688797
154.164954
154.714954
155.264954
155.814954
156.364954
156.914954
157.464954
158.014954
158.564954
159.114954
159.664954
160.214954
161.814954
162.364954
162.914954
163.464954
164.014954
164.564954
165.114954
165.664954
166.214954
166.764954
167.314954
167.864954
168.414954
168.964954
172.464954
173.014954
173.579754
174.129754
174.664954
175.214954
175.764954
176.314954
176.864954
177.414954
177.964954
178.514954
179.064954
180.664954
181.214954
181.764954
182.314954
182.864954
183.414954
183.964954
184.514954
185.079754
186.664954
187.229754
187.779754
189.364954
189.914954
190.479754
191.044554
191.579754
193.479754
194.044554
194.579754
195.114954
195.664954
196.214954
196.764954
197.314954
197.864954
198.414954
198.964954
199.514954
