1.129754
1.664954
2.214954
2.764954
3.314954
3.864954
4.964954
5.514954
6.064954
6.614954
7.164954
7.714954
8.264954
8.814954
9.364954
9.914954
10.464954
11.014954
11.564954
12.114954
12.664954
14.264954
14.814954
15.364954
15.914954
17.814954
18.364954
18.914954
21.064954
21.614954
22.164954
23.764954
24.314954
24.864954
25.414954
25.964954
26.514954
27.064954
27.614954
28.164954
28.714954
29.264954
29.814954
30.364954
30.914954
31.464954
32.014954
32.564954
33.114954
33.664954
34.214954
34.764954
35.314954
36.914954
37.464954
38.014954
38.564954
39.114954
39.664954
40.214954
40.764954
41.314954
41.864954
42.414954
42.964954
43.514954
44.064954
44.614954
45.164954
45.714954
46.264954
46.814954
47.364954
47.914954
48.464954
49.014954
49.564954
50.114954
50.664954
51.214954
51.764954
52.314954
52.864954
53.414954
53.964954
54.514954
55.064954
55.614954
56.164954
56.714954
57.264954
57.814954
59.714954
60.264954
60.814954
61.364954
61.914954
65.664954
66.214954
66.764954
67.314954
68.914954
69.464954
70.014954
70.564955
71.114955
71.664957
72.214959
72.764962
74.364974
74.914980
75.464986
76.014993
76.565001
77.115010
77.665019
82.765062
83.315062
85.465062
87.615062
88.165062
89.765062
90.315062
90.865062
91.415062
91.965062
92.515062
93.065062
95.215062
97.115062
97.665062
99.815062
100.365062
100.915062
101.465062
103.065062
104.665062
105.215062
105.765062
106.315062
106.865062
108.465062
109.015062
110.915062
111.465062
112.015062
113.615062
114.165062
114.715062
116.315062
118.215062
118.765062
120.915062
121.465062
122.015062
122.565062
123.115062
123.665062
127.415062
127.965062
128.515062
129.065062
129.615062
130.165062
133.915062
134.465062
136.065062
136.615062
137.165062
137.715062
138.265062
138.815062
139.365062
139.915062
140.465062
142.065062
143.965062
144.515062
145.065062
145.615062
147.765062
149.915062
152.065062
152.615062
153.165062
153.765062
155.865062
157.465062
158.015062
158.565062
159.115062
159.665062
160.215062
160.765062
161.315062
161.865062
162.415062
162.965062
164.565062
168.065062
168.615062
172.365062
172.915062
173.465062
174.015062
174.565062
175.115062
175.665062
176.215062
176.765062
177.315062
177.865062
178.415062
178.965062
179.515062
180.065062
180.615062
181.165062
181.715062
182.265062
182.815062
183.365062
183.915062
185.515062
187.115062
187.665062
188.215062
188.765062
189.315062
189.865062
193.365062
193.915062
194.465062
195.015062
195.565062
196.115062
196.665062
198.815062
199.365062
199.915062
