77.065110
77.765093
78.315043
78.864994
79.414964
79.964954
80.514954
81.064954
81.614954
82.164954
82.714954
83.264954
83.814954
84.364954
84.914954
85.464954
87.614954
88.164954
88.714954
89.264954
89.814954
90.364954
90.914954
91.464954
92.014954
92.564954
93.114954
93.664954
94.215323
94.764954
95.314954
97.464954
98.015323
98.564954
99.114954
99.664954
100.214954
100.764954
101.314954
102.914954
103.464954
104.014954
104.564954
105.114954
105.664954
107.264954
107.814954
108.364954
108.914954
109.464954
110.029754
110.579754
111.129754
111.664954
112.214954
112.764954
113.314954
113.864954
114.414954
116.014954
116.564954
117.114954
117.664954
118.214954
118.764954
119.314954
119.864954
120.414954
120.964954
121.514954
122.064954
122.614954
123.164954
123.714954
124.264954
124.814954
125.364954
125.914954
126.464954
127.014954
127.564954
128.129754
128.679754
129.214954
129.764954
130.314954
130.864954
131.414954
131.964954
132.514954
133.064954
133.614954
134.164954
134.714954
135.264954
136.864954
138.464954
139.014954
139.564954
140.114954
140.664954
141.214954
141.764954
142.314954
142.864954
143.414954
143.964954
144.514954
145.064954
145.614954
147.214954
147.764954
148.314954
148.864954
149.414954
149.979754
150.514954
151.064954
151.614954
152.164954
154.064954
154.614954
155.164954
155.714954
156.264954
156.814954
157.364954
157.914954
160.064954
160.614954
161.164954
161.714954
163.314954
165.214954
165.764954
166.314954
166.864954
167.414954
167.964954
168.514954
169.064954
169.614954
170.164954
170.714954
171.264954
171.814954
172.364954
172.914954
173.464954
174.014954
174.564954
175.114954
175.664954
176.214954
176.764954
177.314954
177.864954
178.414954
178.964954
179.514954
180.064954
180.614954
181.164954
181.714954
182.264954
182.814954
183.364954
183.914954
186.064954
186.614954
187.164954
187.714954
188.264954
188.814954
189.364954
189.914954
190.464954
191.014954
191.564954
192.114954
192.664954
193.214954
193.764954
194.314954
194.864954
195.414954
195.964954
196.514954
197.064954
197.614954
198.164954
198.714954
199.264954
199.814954
