1.115106
2.215106
2.765106
4.365106
4.915106
7.065106
7.615106
8.165106
9.765106
10.315106
10.865106
11.415106
11.965106
12.515106
13.065106
13.615106
14.165106
14.715106
15.265106
15.815106
16.315106
16.865106
17.415106
19.365106
19.915106
21.515106
23.115106
26.315106
26.865106
28.765106
30.915106
33.015106
35.165106
35.715106
39.465106
40.015106
40.565106
41.115106
43.265106
44.865106
45.415106
48.915106
49.465106
50.015106
50.565106
52.715106
53.265106
53.815106
54.365106
54.915106
55.465106
56.015106
58.165475
58.715475
60.315106
60.865106
63.015106
64.865106
67.015106
67.566093
68.115106
68.665106
69.215106
69.765106
70.315106
73.575269
75.115106
75.665106
76.215106
79.715106
80.265106
80.815106
82.416093
84.565106
86.465106
87.015106
87.565106
88.115106
88.665106
90.815106
91.365106
91.915106
93.515106
94.065106
95.665106
96.215106
96.765106
97.315106
97.865106
99.465106
101.065133
101.615106
103.215133
104.815106
105.365106
107.515106
108.065106
108.615106
110.215106
110.765106
111.315106
114.815106
115.376269
115.915106
116.465106
117.015106
119.176269
120.765106
122.365106
122.915106
123.465106
125.365106
129.065106
130.665106
132.565106
133.115106
133.665106
134.215106
134.765106
136.365106
136.926373
137.465106
138.015106
138.576269
140.715106
141.265106
141.815106
146.915106
148.515106
149.065106
149.615106
150.165106
150.715106
151.265106
153.165106
153.715106
155.865106
157.465106
158.015106
158.565106
160.165106
160.715106
162.615106
166.365106
166.915106
167.465106
169.615106
170.165106
170.715106
171.265106
171.815106
172.365106
172.915106
175.065106
175.615106
176.165106
177.765106
179.665106
180.215106
180.765106
181.315106
181.865106
182.415106
182.965106
183.515106
184.065106
184.615106
185.165106
185.715106
186.265106
186.815106
187.365106
187.915106
188.465106
189.015106
190.615106
192.215106
192.765106
194.365106
194.915106
198.115106
198.665106
199.215106
199.765106
