1.144554
1.694554
2.244554
2.779754
3.329754
3.879754
4.429754
4.979754
5.529754
6.079754
6.614954
7.714954
8.264954
8.814954
9.379754
9.929754
10.479754
11.014954
11.564954
12.255517
13.729754
14.264954
16.179754
16.714954
17.303997
17.841117
18.364954
18.914954
19.464954
20.014954
20.564954
21.114954
21.664954
22.214954
22.764954
23.314954
23.864954
26.014954
28.164954
28.714954
29.264954
29.814954
30.364954
30.914954
31.464954
33.064954
33.614954
34.164954
34.714954
35.264954
35.814954
36.364954
36.914954
37.464954
38.014954
38.564954
39.114954
39.664954
40.214954
40.764954
42.914954
43.464954
44.014954
44.564954
45.114954
45.664954
46.214954
46.764954
47.314954
47.864954
48.414954
48.964954
49.514954
50.064954
50.614954
52.764954
53.314954
53.864954
54.414954
54.964954
55.514954
56.064954
56.614954
57.164954
57.714954
58.264954
58.814954
59.364954
60.964954
62.564954
63.114954
63.664954
64.214954
64.764954
65.314954
65.864954
66.414954
68.014954
68.564954
69.114954
69.664954
70.214954
70.764954
71.314954
71.864954
72.414954
72.964954
73.514954
74.064954
74.614954
75.164954
75.714954
76.264954
76.814954
77.364954
77.914954
78.464954
80.614954
81.164954
81.714954
82.264954
82.814954
83.364954
83.914954
84.464954
85.014954
85.564954
86.114954
86.664954
87.214954
87.764954
88.314954
88.864954
89.414954
89.964954
90.514954
91.064954
91.614954
92.164954
92.714954
93.264954
93.814954
94.364954
94.914954
96.514954
97.064954
97.614954
98.164954
98.714954
100.614954
101.164954
101.714954
102.264954
103.879754
104.429754
104.979754
105.529754
106.079754
106.629754
107.179754
109.064954
109.614954
110.164954
110.714954
111.264954
111.814954
112.364954
112.914954
113.464954
114.014954
114.564954
115.114954
115.664954
116.214954
116.764954
117.314954
118.914954
119.479754
120.029754
120.579754
122.714954
123.279754
123.829754
124.379754
124.929754
125.479754
126.029754
126.579754
127.129754
127.679754
128.164954
128.714954
129.264954
129.814954
130.364954
130.914954
131.464954
132.014954
132.564954
133.114954
133.664954
134.214954
134.764954
135.314954
135.879754
136.429754
136.964954
137.514954
138.064954
138.614954
139.164954
139.714954
140.264954
141.879754
142.429754
142.979754
143.529754
144.079754
144.629754
145.179754
145.729754
147.314954
147.864954
148.414954
150.314954
150.864954
151.414954
151.964954
152.514954
153.064954
153.614954
154.164954
154.714954
155.264954
156.864954
157.414954
157.964954
158.514954
159.064954
159.614954
160.164954
160.714954
161.264954
161.814954
162.364954
164.514954
165.064954
165.614954
166.164954
166.714954
168.614954
169.164954
169.714954
170.264954
170.814954
171.364954
171.914954
172.464954
173.014954
175.164954
175.714954
177.314954
177.864954
178.414954
178.964954
179.514954
180.064954
180.614954
181.164954
181.714954
182.264954
182.814954
183.364954
183.914954
185.514954
186.064954
186.614954
187.164954
187.714954
188.264954
188.814954
189.364954
189.914954
190.464954
191.014954
191.564954
192.114954
192.664954
193.214954
194.814954
195.364954
195.914954
196.464954
197.014954
197.564954
198.114954
198.664954
199.214954
199.764954
