49.115116
51.815111
52.365111
53.965111
54.515111
55.065111
56.665111
60.165111
62.315111
64.465111
66.065111
66.615111
68.765111
75.465111
76.015111
77.615111
81.115111
81.665111
83.265111
83.815111
85.715111
89.465111
92.665111
93.215111
93.765111
94.315111
95.915111
96.465111
98.065111
99.665111
101.265111
104.465111
105.015111
106.615111
113.315111
114.915111
116.815111
118.415111
118.965111
121.115111
121.665111
123.265111
125.165111
125.715111
126.265111
126.815111
127.365111
127.915111
128.465111
129.015111
129.565111
130.115111
135.465111
136.015111
138.165111
