81.165106
81.715106
82.265106
82.965106
84.565106
88.065106
88.711669
89.165106
89.715106
91.315106
91.865106
92.415106
95.915106
99.797749
101.265237
101.872546
102.365106
102.916093
103.465133
104.015106
104.565106
106.166093
106.716093
107.314306
108.865106
110.765106
111.315106
113.465106
114.015106
115.615106
119.115106
120.715106
122.315106
122.865106
129.565106
130.140226
131.715106
132.265106
132.815106
134.716833
136.315106
136.865106
137.415106
139.015106
141.165106
141.715106
142.265106
142.815106
143.365106
143.915106
144.465106
147.965106
150.115106
150.665106
151.215106
153.365106
153.915106
155.515106
157.415106
157.965106
163.315106
163.865106
164.415106
164.965106
167.115106
167.665106
169.265106
171.415106
171.965106
173.565106
175.465106
176.015106
176.565106
177.115106
177.665106
178.215106
180.365106
182.515106
184.665106
186.815106
188.965106
192.715106
194.865106
198.065106
198.615106
