80.115106
80.665106
82.565106
83.115106
84.715106
86.315106
86.865106
89.015106
89.565106
91.729906
92.279906
94.415106
96.565106
97.115106
97.665106
98.215106
99.815106
101.415106
101.965106
102.515106
104.415106
104.965106
105.515106
107.115106
107.665106
111.165106
112.765106
114.365106
114.915106
115.465106
116.015106
116.565106
117.115106
118.715106
120.315106
121.915159
123.515106
125.415106
125.965106
127.565106
128.115106
131.615106
133.765106
135.915106
136.465106
138.629906
139.215106
140.829906
141.379906
145.115106
146.715106
148.315106
148.865106
152.365106
152.915106
154.515106
155.065106
158.565106
159.115106
161.279906
163.415106
163.965106
164.515106
166.665106
167.215106
172.565106
174.165106
175.765106
176.315106
177.929906
178.479906
180.365106
181.965106
182.515106
183.065106
183.615106
185.215106
186.815106
187.365106
187.915106
188.465106
189.015106
189.565106
190.115106
190.665106
194.165106
196.315106
197.915106
