75.614890
76.164865
76.714857
77.264859
77.814859
78.364857
78.914867
79.464896
80.014954
80.564954
81.114954
81.664954
82.214954
82.764954
83.314954
83.864954
84.414954
84.964954
85.514954
86.064954
86.614954
87.164954
87.714954
88.279754
89.864954
90.414954
90.964954
91.515977
92.065977
92.615977
93.164954
93.714954
94.264954
94.814954
98.314954
98.864954
99.414954
99.964954
100.514954
101.064954
101.614954
102.164954
102.714954
103.264954
103.814954
104.364954
104.914954
105.464954
106.014954
106.564954
107.114954
107.664954
108.214954
108.764954
109.314954
109.864954
110.429754
114.179754
114.729754
115.279754
115.829754
116.379754
116.929754
117.479754
118.029754
118.579754
119.114954
119.664954
120.214954
120.764954
121.314954
121.864954
122.414954
122.979754
123.529754
125.114954
125.664954
126.214954
128.144554
128.694554
129.229754
131.364954
131.914954
132.464954
133.014954
133.564954
134.114954
134.664954
135.214954
135.764954
136.314954
136.879754
137.429754
137.964954
138.514954
140.129754
140.679754
141.229754
141.779754
142.329754
142.879754
143.429754
143.979754
145.564954
146.114954
146.664954
147.229754
147.779754
148.329754
148.879754
149.429754
149.994554
150.529754
151.079754
152.664954
153.214954
153.764954
154.314954
154.864954
155.414954
155.964954
156.514954
157.064954
157.614954
158.164954
158.714954
159.264954
159.829754
160.379754
160.929754
161.479754
162.014954
162.564954
163.114954
163.664954
164.214954
164.764954
166.914954
167.464954
168.014954
169.629754
170.179754
172.064954
172.614954
174.214954
174.764954
176.364954
176.914954
177.464954
178.014954
178.564954
179.114954
179.664954
180.214954
180.764954
181.314954
181.864954
182.414954
182.964954
183.514954
184.064954
184.614954
185.164954
185.714954
186.264954
186.814954
188.714954
189.264954
189.814954
190.364954
191.964954
192.514954
193.064954
193.614954
194.164954
194.714954
195.264954
195.814954
196.364954
196.914954
197.464954
198.014954
198.564954
199.114954
