74.565110
76.165010
76.714973
77.264956
77.814957
78.364977
78.915017
79.465071
81.365106
81.915106
84.065106
84.615106
86.244706
86.794706
88.365106
89.965106
90.515106
91.065106
92.665106
93.215106
93.765106
95.665106
97.815106
99.965106
100.515106
101.065106
101.615106
102.165106
102.715106
103.265106
103.815106
104.365106
104.915106
105.465106
107.065106
109.215106
109.765106
111.915106
113.815106
114.365106
114.915106
116.515106
117.065106
117.615106
118.165106
120.065106
122.215106
122.765106
123.315106
124.915106
130.015106
130.715106
131.265106
132.865106
133.415106
135.029906
135.579906
136.129906
136.679906
137.229906
137.779906
138.329906
139.915106
