31.865128
36.615110
38.215110
39.815110
46.515109
47.079909
49.215106
49.765105
51.365095
52.979876
53.515068
54.065059
54.615050
55.165041
55.715032
56.265022
56.815012
57.365003
57.914993
58.464984
59.014975
59.564967
60.114959
60.664951
61.214944
61.764937
62.314930
62.864924
63.414918
63.964913
64.464908
65.014904
65.564899
66.114895
66.664891
67.214888
67.764885
68.314882
68.864879
69.414876
69.964874
70.514871
71.064869
71.614868
72.164866
72.714864
73.264863
73.814862
74.364861
74.914860
75.464859
76.014858
76.564857
77.114857
77.664857
78.214857
78.764857
79.314857
79.864857
80.414857
80.964857
81.514857
82.064857
82.614857
83.164857
83.714857
84.264857
84.814857
85.364857
85.914857
86.464857
87.014857
87.564857
88.114857
88.664857
89.214857
89.764857
90.314857
90.864857
91.414857
91.964857
92.514857
93.064857
93.614857
94.164857
94.714857
95.264857
95.814857
96.364857
96.914857
97.464857
98.014857
98.564857
99.114857
99.664857
