35.865089
36.415048
36.964998
37.514953
38.064919
38.614894
39.164877
39.714866
40.264862
40.814862
41.364862
41.914862
42.464862
43.014862
43.564862
44.114862
44.664862
45.214862
45.764862
46.314862
46.864862
47.414862
47.964862
48.514862
49.064862
49.614862
50.164862
50.714862
51.264862
51.814862
52.364862
52.914862
53.464862
54.014862
54.564862
55.114862
55.664862
56.214862
56.764862
57.314862
57.864862
58.414862
58.964862
59.514862
60.064862
60.614862
61.164862
61.714862
62.264862
62.814862
63.364862
63.914862
64.464862
65.014862
65.564862
66.114862
66.664862
67.214862
67.764862
68.314862
68.864862
69.414862
69.964862
70.514857
71.064859
71.614859
72.164857
72.714869
73.264900
