1.159354
1.709354
2.794554
3.344554
3.894554
4.444554
4.979754
6.914954
7.464954
8.014954
8.564954
9.114954
9.664954
10.214954
10.764954
11.314954
11.864954
12.414954
12.964954
13.514954
14.064954
14.614954
16.214954
16.764954
17.314954
17.864954
18.414954
18.964954
19.514954
20.064954
20.614954
21.164954
21.714954
22.264954
23.864954
24.414954
24.964954
25.514954
27.414954
27.964954
28.514954
29.064954
29.614954
30.164954
31.764954
32.314954
32.864954
33.414954
35.014954
35.564954
37.464954
38.014954
38.564954
39.114954
39.664954
40.214954
40.764954
41.314954
43.464954
44.014954
44.564954
46.813917
47.264954
47.814954
48.364954
48.914954
49.464954
50.014954
53.764954
54.314954
54.864954
55.414954
55.964954
56.514954
57.064954
57.614954
58.164954
58.714954
59.264954
59.814954
61.964954
62.514954
64.114954
64.664954
66.264954
66.814954
67.364954
68.964954
69.514954
70.064954
70.614954
71.164954
71.714954
72.264954
72.814954
73.364954
73.914954
74.464954
75.014954
76.914954
77.464954
78.014954
78.564954
79.114954
79.664954
80.214954
80.764954
81.314954
81.864954
82.414954
82.964954
83.514954
84.064954
84.614954
85.164954
85.714954
86.264954
86.814954
87.364954
87.914954
88.464954
89.014954
89.564954
90.114954
90.664954
91.214954
92.814954
93.364954
93.914954
94.464954
96.379754
96.914954
97.464954
98.014954
98.564954
99.114954
99.664954
100.217837
102.364954
102.914954
103.464954
104.014954
104.564954
105.114954
106.714954
107.264954
107.814954
108.364954
108.914954
109.464954
110.014954
110.564954
111.114954
111.664954
112.214954
112.764954
113.314954
113.864954
114.414954
114.964954
115.529754
116.079754
116.629754
118.514954
119.064954
119.614954
120.164954
122.314954
122.864954
123.414954
123.964954
124.514954
125.064954
125.614954
126.164954
126.714954
127.264954
127.814954
128.364954
128.914954
129.464954
130.014954
130.564954
131.114954
131.664954
132.214954
132.764954
133.314954
133.864954
134.414954
134.964954
136.564954
137.114954
137.664954
139.264954
139.814954
140.364954
140.914954
141.464954
142.014954
142.564954
143.114954
143.664954
144.214954
144.764954
145.314954
145.864954
146.414954
146.964954
147.514954
148.064954
148.614954
149.164954
149.714954
150.264954
150.814954
151.364954
151.914954
152.464954
153.014954
153.564954
154.114954
156.014954
156.564954
157.114954
158.714954
159.264954
159.814954
160.364954
160.914954
161.464954
163.064954
163.614954
164.164954
164.714954
166.314954
166.864954
167.414954
167.964954
168.514954
169.064954
169.614954
170.164954
170.714954
171.264954
171.814954
172.364954
172.914954
173.464954
174.014954
174.564954
175.114954
175.664954
176.214954
176.764954
177.314954
177.864954
178.414954
178.964954
179.514954
180.064954
180.614954
181.164954
181.729754
182.279754
182.829754
183.379754
183.929754
184.479754
185.029754
185.579754
186.129754
186.679754
187.229754
187.779754
188.329754
191.514954
192.064954
192.614954
193.164954
193.714954
194.264954
194.814954
198.314954
198.864954
199.414954
199.964954
