1.159354
1.694554
2.244554
2.794554
3.329754
3.879754
4.429754
4.979754
5.529754
6.079754
6.629754
7.179754
7.729754
8.264954
8.814954
9.379754
9.914954
10.464954
11.014954
11.564954
12.114954
12.679754
13.229754
13.764954
14.314954
14.864954
15.414954
15.964954
16.514954
17.064954
17.764954
18.314954
20.494554
21.029754
21.579754
22.114954
22.664954
23.214954
23.764954
24.314954
24.864954
25.414954
25.964954
26.514954
27.064954
27.614954
29.764954
30.314954
30.864954
31.414954
31.964954
33.564954
34.114954
34.664954
35.214954
35.764954
36.314954
36.879754
37.414954
37.964954
38.514954
39.064954
39.614954
40.164954
40.714954
41.264954
41.814954
42.379754
42.914954
43.464954
44.014954
44.564954
45.114954
45.664954
46.214954
46.764954
47.450677
47.864954
48.414954
48.964954
49.514954
50.064954
50.614954
51.164954
51.714954
52.264954
52.814954
53.364954
53.914954
54.464954
56.514954
57.064954
57.614954
58.179754
58.714954
59.264954
59.814954
60.364954
60.914954
63.064954
63.614954
64.164954
64.714954
65.264954
65.814954
66.364954
66.914954
67.464954
68.014954
68.564954
69.114954
69.664954
70.214954
70.779754
71.329754
71.879754
72.414954
74.014954
74.564954
75.114954
75.664954
76.214954
76.764954
77.314954
77.864954
78.414954
81.914954
82.464954
83.014954
83.564954
84.114954
84.664954
85.214954
85.779754
86.314954
86.864954
87.414954
87.964954
88.514954
89.064954
89.614954
90.164954
90.714954
91.264954
91.814954
92.364954
92.914954
93.464954
94.014954
94.564954
95.114954
95.664954
96.214954
97.814954
98.364954
100.514954
101.064954
101.614954
103.214954
103.764954
104.329754
104.879754
105.429754
105.979754
106.514954
107.064954
107.614954
108.164954
108.714954
110.314954
110.864954
111.414954
111.964954
113.864954
114.414954
114.964954
115.514954
116.064954
116.614954
117.164954
117.714954
118.264954
118.814954
119.364954
119.914954
120.464954
121.014954
121.564954
123.164954
123.714954
124.279754
124.814954
125.364954
125.914954
127.814954
128.364954
130.479754
131.029754
131.579754
133.714954
135.314954
135.864954
137.479754
138.014954
139.629754
140.179754
140.714954
141.264954
141.814954
142.364954
142.914954
143.464954
144.014954
144.564954
145.114954
145.664954
146.214954
146.764954
148.664954
149.214954
149.764954
150.314954
150.864954
151.414954
151.964954
152.514954
153.064954
153.614954
154.164954
154.714954
156.864954
157.429754
157.979754
158.514954
159.064954
159.614954
160.164954
160.714954
161.264954
161.814954
162.364954
162.914954
163.464954
164.014954
164.564954
165.114954
165.664954
166.214954
166.764954
167.314954
167.864954
169.464954
170.014954
170.564954
171.114954
171.664954
172.214954
172.764954
173.314954
173.864954
174.414954
174.964954
176.564954
178.164954
178.714954
179.264954
179.814954
180.364954
180.914954
181.464954
182.014954
182.564954
183.114954
183.664954
184.214954
184.764954
185.314954
185.864954
186.414954
186.964954
187.514954
188.064954
188.614954
189.164954
189.714954
190.264954
190.814954
191.364954
191.914954
192.464954
194.614954
195.164954
195.714954
196.264954
196.814954
197.364954
197.914954
198.464954
199.014954
199.564954
