1.174154
1.709354
2.259354
2.809354
3.344554
3.894554
4.444554
4.994554
5.544554
6.094554
6.644554
7.194554
7.729754
8.279754
8.829754
9.394554
10.079754
10.629754
11.221077
11.729754
12.264954
12.814954
13.364954
13.914954
14.465477
15.014954
15.564954
16.114954
16.664954
17.214954
17.764954
18.314954
18.864954
19.414954
19.964954
20.514954
21.079754
21.629754
22.179754
24.314954
25.929754
26.464954
28.064954
28.614954
29.164954
29.714954
30.264954
30.814954
31.364954
31.914954
32.464954
33.014954
33.564954
34.114954
34.664954
35.214954
35.764954
36.314954
36.864954
37.414954
37.964954
38.514954
39.064954
40.964954
41.514954
42.064954
42.614954
43.164954
43.714954
44.264954
44.814954
46.964954
47.514954
48.064954
48.614954
49.164954
49.729754
50.279754
50.829754
51.379754
51.929754
52.494554
53.044554
53.579754
54.129754
54.756234
55.214954
55.764954
56.314954
56.864954
57.414954
57.964954
58.514954
59.064954
59.614954
60.164954
60.714954
61.264954
61.814954
62.364954
62.914954
63.464954
64.014954
64.564954
65.114954
65.664954
66.214954
66.764954
67.314954
67.864954
68.414954
68.964954
70.564954
71.129754
71.664954
72.214954
72.764954
73.314954
73.864954
74.414954
76.315078
76.864954
77.414954
79.565203
80.114954
80.664954
81.214954
81.764954
82.314954
82.879754
83.429754
83.979754
84.529754
85.079754
85.629754
86.164954
86.714954
87.295698
87.829754
88.379754
88.929754
89.464954
90.014954
90.564954
91.114954
91.664954
92.214954
92.764954
93.314954
93.864954
94.414954
94.964954
95.514954
96.064954
96.614954
97.164954
97.714954
98.264954
98.814954
99.379754
99.929754
100.479754
101.014954
101.564954
102.114954
104.264954
104.814954
105.364954
105.914954
106.479754
108.064954
108.629754
109.179754
109.714954
110.264954
110.814954
111.364954
111.914954
112.464954
113.014954
116.514954
117.064954
117.614954
118.164954
118.714954
119.264954
119.814954
120.364954
120.914954
121.464954
122.014954
122.564954
123.114954
123.664954
124.214954
124.764954
125.314954
125.864954
127.464954
128.014954
128.564954
129.114954
130.714954
131.264954
131.814954
132.364954
132.914954
133.464981
135.064954
135.614954
137.514954
138.064954
138.614954
139.164954
139.714954
140.264954
140.814954
141.364954
141.914954
142.464954
143.014954
143.564954
145.179754
145.729754
146.279754
147.894554
148.429754
148.979754
149.529754
150.079754
150.629754
151.179754
151.729754
152.279754
152.829754
153.379754
153.929754
154.464954
155.014954
155.564954
156.114954
156.664954
157.214954
157.764954
158.314954
158.864954
159.414954
159.964954
160.514954
161.064954
161.614954
163.514954
165.129754
167.014954
167.564954
168.114954
168.664954
169.214954
169.764954
170.314954
170.864954
171.414954
173.014954
173.564954
174.114954
174.664954
175.214954
175.764954
176.314954
176.864954
177.414954
177.964954
178.514954
180.414954
182.014954
182.564954
183.114954
183.664954
184.214954
184.764954
185.314954
187.229754
188.814954
189.364954
189.914954
190.479754
191.014954
191.564954
192.129754
192.664954
193.214954
195.114954
195.664954
196.214954
196.764954
197.314954
197.864954
