1.114954
2.214954
2.764954
3.314954
3.864954
5.764954
6.314954
6.864954
7.414954
7.964954
8.514954
9.064954
9.614954
10.164954
10.714954
11.264954
11.814954
12.364954
12.914954
13.464954
14.014954
14.564954
15.114954
15.664954
16.214954
16.764954
17.314954
17.864954
18.414954
18.964954
19.514954
20.064954
20.614954
21.164954
21.714954
22.264954
22.814954
24.964954
25.514954
26.064954
28.214954
28.764954
29.314954
29.864954
30.414954
30.964954
31.514954
33.114954
33.664954
34.214954
34.764954
35.314954
35.864954
36.414954
36.964954
37.514954
38.064954
39.664954
40.214954
40.764954
41.314954
41.864954
43.464954
44.014954
44.564954
45.114954
45.664954
46.214954
46.764954
47.314954
47.864954
48.414954
48.964954
50.564954
51.114954
51.664954
52.214954
52.764954
53.314954
54.914954
55.464954
56.014954
56.564954
57.114954
57.664954
58.214954
58.764954
59.314954
59.864954
60.414954
60.964954
62.564954
63.114954
65.014954
65.564954
66.114954
66.664954
67.214954
68.814954
69.364954
69.914954
70.465034
