1.129754
1.679754
2.214954
2.764954
3.314954
3.864954
4.414954
4.964954
5.514954
6.079754
6.614981
7.165941
7.714954
8.264954
8.964954
9.514954
10.064954
10.614954
11.164954
12.764954
13.314954
13.864954
14.414954
14.964954
15.514954
17.414954
17.964954
18.514954
19.064954
19.614954
20.164954
20.714954
21.264954
21.814954
22.364954
22.914954
23.464954
24.014954
26.164954
27.764954
28.314954
28.865323
29.414954
29.964954
30.514954
31.064954
31.614954
32.114954
32.664954
33.214954
33.764954
34.314954
34.864954
35.429754
35.979754
36.514954
37.065323
37.615323
38.165323
38.715323
39.264954
39.814954
40.364954
40.914954
41.464954
43.064954
44.664954
45.214954
45.764954
46.314954
46.864954
47.414954
47.964954
48.514954
49.064954
50.664954
51.214954
51.764954
52.314954
52.864954
53.414954
53.964954
54.514954
55.064954
55.614954
56.164954
56.714954
57.279754
57.829754
59.414954
59.979754
60.529754
61.079754
61.629754
62.179754
62.714954
63.264954
63.814954
64.364954
64.914954
65.464954
66.014954
66.564954
67.114954
67.664954
68.214954
68.764954
69.314954
69.864954
70.414954
70.964954
72.564954
73.114954
73.664954
74.214954
74.764954
75.314954
75.864954
77.464954
78.015323
78.564954
79.129754
79.664954
80.214954
80.764954
81.314954
82.914954
83.464954
84.014954
84.564954
85.114954
85.664954
86.214954
86.764954
88.664954
89.214954
91.364954
91.914954
92.464954
93.014954
93.564954
94.114954
96.264954
96.814954
98.964954
99.514954
100.064954
100.714954
101.264954
102.864954
103.414954
103.964954
104.514954
105.064954
105.614954
107.514954
108.064954
108.614954
109.164954
109.714954
110.264954
112.414954
112.964954
113.514954
114.064954
114.614954
115.164954
115.714954
116.264954
116.814954
117.364954
117.914954
120.064954
120.614954
121.164954
123.314954
123.864954
124.414954
124.964954
125.514954
126.064954
126.614954
127.164954
127.714954
128.264954
128.814954
129.364954
129.914954
131.514954
132.064954
133.664954
134.214954
134.764954
135.314954
135.864954
136.414954
136.964954
137.514954
138.064954
138.614954
140.214954
140.764954
141.314954
141.864954
142.414954
142.964954
143.529754
144.079754
144.614954
146.529754
148.114954
148.664954
149.214954
149.764954
150.314954
150.864954
151.429754
151.964954
152.514954
153.064954
153.614954
154.164954
154.714954
155.264954
155.814954
156.364954
156.914954
157.464954
158.014954
158.564954
159.114954
159.664954
160.214954
160.764954
161.314954
161.864954
162.414954
162.964954
163.514954
164.064954
164.614954
165.164954
165.714954
166.264954
166.814954
167.379754
167.914954
168.464954
169.014954
169.564954
170.114954
170.664954
172.264954
172.814954
173.364954
173.914954
174.464954
175.014954
175.564954
176.114954
176.664954
177.214954
177.764954
178.314954
178.864954
179.414954
179.964954
180.514954
181.064954
181.614954
182.164954
182.714954
183.264954
183.829754
184.379754
184.929754
185.479754
186.029754
186.564954
187.114954
187.664954
189.564954
190.114954
191.714954
192.264954
194.414954
196.314954
196.864954
197.414954
197.964954
198.514954
