1.724154
3.264954
3.814954
4.379754
4.929754
5.479754
6.014954
6.564954
7.114954
8.664954
10.564954
12.714954
13.264954
13.814954
14.379754
14.929754
15.479754
16.029754
16.564954
17.114954
17.664954
18.214954
18.764954
19.314954
19.864954
21.464954
22.014954
22.564954
23.114954
23.664954
24.214954
24.764954
25.314954
25.864954
26.414954
26.964954
27.529754
28.079754
28.629754
29.179754
29.714954
30.264954
30.840917
31.379754
31.914954
32.464954
33.014954
33.564954
34.114954
34.664954
35.229754
35.779754
36.329754
36.879754
37.429754
37.979754
38.529754
39.079754
39.629754
40.192024
40.729754
41.279754
41.829754
42.364954
42.914954
43.464954
44.014954
44.579754
45.114954
45.664954
46.214954
46.764954
47.314954
47.870074
48.414954
48.964954
49.514954
50.064954
50.614954
51.164954
51.714954
53.614954
54.164954
54.714954
55.264954
55.814954
56.364954
56.914954
57.464954
58.014954
58.564954
59.114954
59.664954
60.214954
60.764954
61.314954
61.864954
62.414954
62.964954
63.514954
64.079754
64.614954
65.164954
65.947757
66.264954
66.814954
67.364954
68.019357
68.464954
69.014954
69.564954
70.114954
70.664954
71.214954
71.764954
72.314954
74.464954
75.014954
75.564954
76.114954
76.679754
77.229754
77.779754
79.929754
80.479754
81.029754
81.579754
82.114954
82.664954
83.214954
83.764954
84.314954
84.879754
85.414954
85.964954
86.581677
87.064954
87.614954
88.164954
88.714954
90.314954
90.864954
92.765323
93.315323
93.865323
94.414954
94.964954
95.514954
96.064954
96.614954
97.179754
97.744554
98.294554
100.430123
100.979754
101.514954
102.064954
102.614954
103.164954
103.729754
104.279754
104.829754
105.364954
105.914954
106.464954
108.064954
109.664954
110.214954
110.764954
112.664954
113.214954
113.764954
114.314954
114.864954
115.414954
115.964954
116.514954
117.064954
119.214954
119.764954
120.314954
120.864954
121.414954
123.564954
124.129754
124.664954
125.214954
125.764954
126.314954
126.879754
128.429754
128.964954
129.514954
131.114954
133.014954
133.564954
134.114954
134.664954
135.214954
135.764954
136.314954
136.864954
137.414954
137.964954
140.114954
140.664954
141.214954
141.764954
142.314954
142.864954
143.414954
143.964954
144.514954
145.064954
146.664954
147.229754
147.779754
149.364954
149.914954
150.464954
151.014954
151.564954
152.114954
153.714954
155.614954
156.164954
156.714954
157.264954
157.814954
158.364954
158.914954
159.464954
160.014954
160.564954
161.114954
163.264954
163.814954
164.364954
164.914954
165.464954
166.014954
166.564954
167.114954
168.714954
169.264954
169.814954
170.364954
170.914954
171.464954
172.014954
172.564954
173.114954
173.664954
174.214954
174.764954
175.314954
175.879754
176.429754
176.964954
177.514954
178.064954
178.614954
179.164954
179.714954
180.279754
180.829754
181.379754
181.914954
182.464954
183.014954
183.564954
184.114954
184.664954
185.214954
185.764954
186.314954
186.864954
187.429754
187.979754
188.529754
189.079754
192.564954
193.114954
193.664954
194.214954
195.814954
196.364954
196.914954
197.464954
198.014954
198.564954
199.114954
199.664954
