1.129906
2.229906
2.779906
3.329906
5.465106
6.015106
6.565106
7.115106
12.215106
12.765106
13.315106
13.865106
14.415106
14.965106
16.579906
17.129906
19.265106
21.165106
22.765106
25.965106
29.715106
30.265106
32.165106
34.315106
35.915106
38.065106
41.565106
42.115106
43.715106
44.265106
44.815106
45.365106
45.915106
49.665106
50.215106
51.815106
53.965106
56.115106
56.665106
58.265106
58.815106
59.365106
60.979906
62.865106
63.415106
63.965106
67.715106
70.915106
74.415106
76.565106
77.115106
77.665106
79.265106
80.865106
81.415106
83.015106
84.615106
85.165106
85.715106
86.265106
86.815106
88.715106
90.865106
93.015106
98.365106
98.915106
100.515106
101.065106
101.615106
102.165106
103.765106
104.315106
106.465106
107.015106
107.565106
109.165106
109.715106
111.879906
113.465106
115.065106
117.215106
117.765106
118.315106
120.465106
122.615106
124.215106
124.765106
126.915106
127.465106
128.015106
128.565106
130.165106
131.765106
132.315106
134.465106
135.015106
135.565106
137.165106
137.715106
138.265106
138.815106
139.365106
