76.314998
76.864966
77.414954
77.964961
78.514986
79.065031
79.615857
81.215106
81.765106
82.315106
83.915106
84.466000
86.379906
90.115106
90.665106
92.815106
93.365106
93.915106
95.515106
96.065106
97.666435
98.215106
99.815106
100.365475
100.915106
101.465106
102.015106
102.565106
103.115106
103.665106
104.215106
104.765106
105.315106
108.815106
109.365106
111.690749
112.065106
113.679906
114.215106
114.765106
116.665106
117.364584
117.765106
118.329906
119.915106
120.465106
122.615106
123.165106
126.665106
128.394066
129.865106
130.564584
130.965106
133.015106
135.165106
135.715106
136.265106
136.815106
137.365106
137.915106
