74.579910
75.129901
75.679856
76.229804
76.779770
79.065031
79.615084
80.165106
82.315106
84.465106
85.015106
85.565106
86.115106
86.665106
87.215106
88.826269
89.365106
89.915106
90.465133
91.015106
92.629906
94.765106
95.315106
95.865106
98.015106
98.565106
100.165106
100.715106
101.265106
104.765106
107.965106
113.065106
113.615106
114.165106
115.765106
117.379906
119.529906
120.079906
122.229906
122.779906
124.665106
125.215106
125.765106
127.915106
128.565106
130.715106
131.265106
133.315106
133.865106
134.415106
134.965106
135.515106
137.115106
139.015106
139.565106
