1.189106
1.739106
4.365106
4.915106
5.465106
6.015106
9.465106
10.065106
12.246595
12.794706
13.344706
15.465106
17.065106
17.616093
19.765106
20.315106
21.915106
22.465106
23.015106
24.915106
26.515106
27.065106
27.615106
28.165106
31.665106
32.215106
32.765106
33.315106
35.465106
37.065106
37.615106
38.165106
38.715106
40.315106
41.915106
42.465106
45.965106
47.579906
48.115106
50.015106
53.779906
54.315106
56.479906
58.615106
59.165106
59.715106
61.315106
62.915106
64.465106
65.015106
67.165106
67.715106
68.265106
68.815106
69.365106
71.515092
72.065084
72.615075
73.165065
75.315025
75.865016
76.415007
78.029784
78.579778
79.129773
79.679768
80.229766
80.779766
81.329766
81.879766
82.429766
82.979766
83.529766
85.114966
85.664966
86.214966
86.764966
87.314966
87.864966
88.429766
88.979766
89.529766
91.114966
91.664966
92.214966
92.764966
93.314966
93.864966
94.414966
94.964966
95.514966
96.079766
97.664966
98.214966
98.764966
99.314966
99.864966
100.414966
100.964966
101.514966
102.064966
102.614966
103.164966
103.714966
104.264966
104.814966
105.364966
105.914966
106.464966
107.014966
107.564966
108.129766
108.679766
109.214966
109.764966
110.314966
110.864966
111.414966
111.964966
112.514966
113.064966
114.964966
115.514966
116.064966
116.614966
117.164966
117.714966
119.314966
119.864966
120.414966
120.964966
121.514966
123.114966
123.664966
124.214966
124.764966
125.314966
125.864966
126.414966
126.964966
127.514966
128.064966
128.614966
129.164966
129.714966
130.264966
130.814966
131.364966
131.929766
132.464966
133.014966
133.564966
134.114966
135.714966
136.264966
138.164966
138.714966
139.264966
139.814966
140.364966
140.914966
141.464966
142.014966
142.564966
143.114966
143.664966
144.214966
144.764966
145.314966
145.864966
146.414966
146.964966
147.514966
148.064966
148.614966
149.164966
149.714966
150.264966
150.814966
151.364966
151.914966
152.479766
153.029766
153.594566
154.159366
154.694566
155.244566
155.779766
156.329766
156.879766
157.429766
157.964966
158.514966
159.064966
159.614966
160.164966
160.714966
161.264966
161.814966
162.364966
162.914966
163.464966
164.014966
164.579766
165.114966
165.664966
166.214966
166.764966
167.314966
167.864966
168.414966
168.964966
169.514966
170.064966
170.614966
171.164966
171.714966
172.264966
174.414966
174.964966
175.514966
176.064966
176.614966
177.164966
179.314966
179.864966
180.414966
180.964966
181.514966
182.064966
182.614966
183.164966
183.714966
184.264966
184.829766
185.379766
185.914966
188.079766
188.629766
189.179766
189.729766
190.279766
190.814966
191.364966
191.914966
193.514966
194.064966
195.664966
196.214966
198.129766
198.679766
199.229766
199.779766
