1.114954
1.664954
2.214954
3.314954
3.864954
4.414954
4.964954
5.514954
7.414954
7.964954
8.514954
9.064954
9.614954
10.164954
10.714954
11.264954
11.814954
12.364954
13.964954
14.514954
15.064954
15.614954
16.164954
17.764954
18.314954
18.864954
19.414954
19.995450
20.514954
21.064954
21.614954
22.164954
22.714954
23.264954
23.814954
24.364954
24.914954
25.464954
26.014954
26.564954
27.114954
27.664954
28.214954
28.764954
29.314954
29.864954
30.414954
30.964954
31.514954
32.064954
32.614954
33.164954
33.714954
34.264954
34.814954
35.364954
35.914954
36.464954
37.014954
37.564954
38.114954
38.664954
40.564954
41.114954
41.664954
42.214954
42.764954
43.314954
43.864954
46.014954
46.564954
47.114954
47.664954
48.214954
48.764954
49.314954
49.864954
50.414954
50.964954
51.514954
52.064954
52.614954
53.164954
53.714954
54.264954
54.814954
55.364954
55.914954
56.614954
57.164954
57.714954
58.264954
60.264954
60.814954
61.364954
61.914954
62.464954
63.014954
64.614954
65.164954
65.714954
66.264954
66.814954
67.364954
67.914954
68.464954
70.064954
70.614954
71.164954
71.714954
72.264954
72.814954
73.364954
73.914954
74.464954
75.014954
75.564954
76.114954
76.664954
77.214954
77.764954
78.314954
78.864954
79.414954
79.964954
80.514954
81.064954
81.614954
82.164954
82.714954
83.264954
83.814954
84.364954
84.914954
85.464954
87.064954
87.614954
88.164954
88.714954
89.264954
91.164954
91.714954
92.264954
92.814954
93.364954
93.914954
94.464954
95.014954
95.564954
97.714954
98.264954
98.814954
99.364954
99.914954
102.064954
102.614954
104.214954
104.764954
105.314954
105.864954
106.414954
106.964954
107.514954
108.064954
108.614954
109.164954
109.714954
110.264954
110.814954
111.364954
111.914954
112.464954
114.364954
114.914954
115.464954
116.014954
116.564954
117.114954
117.664954
118.214954
118.764954
119.314954
119.864954
120.414954
120.964954
121.514954
122.064954
122.614954
123.164954
123.714954
124.264954
124.814954
125.364954
125.914954
126.464954
127.014954
127.564954
128.114954
128.664954
129.214954
129.764954
131.364954
131.914954
132.464954
133.014954
133.564954
134.114954
136.014954
136.564954
137.114954
137.664954
138.214954
138.764954
139.314954
139.864954
140.414954
140.964954
141.514954
142.064954
142.614954
143.164954
143.714954
144.264954
144.814954
145.364954
145.914954
146.464954
147.014954
147.564954
148.114954
148.664954
149.214954
151.364954
151.914954
152.464954
153.014954
153.564954
154.114954
154.664954
155.214954
155.764954
156.314954
156.864954
157.414954
157.964954
158.514954
159.064954
159.614954
160.164954
160.714954
161.264954
161.814954
162.364954
162.914954
163.464954
164.014954
164.564954
165.114954
167.264954
167.814954
168.364954
168.914954
169.464954
170.014954
171.614954
173.514954
174.064954
174.614954
175.164954
175.714954
177.314954
177.864954
178.414954
178.964954
179.514954
180.064954
180.614954
182.514954
184.114954
184.664954
185.214954
187.114954
187.664954
188.214954
188.764954
189.314954
189.864954
190.414954
190.964954
191.514954
192.064954
192.614954
194.214954
194.764954
195.314954
195.864954
196.414954
196.964954
197.514954
199.114954
199.664954
