1.174306
1.724306
2.365106
3.965106
4.465106
5.015106
5.632693
9.079906
9.629906
10.179906
10.729906
11.279906
15.015106
17.144706
17.728189
19.894706
22.029906
24.165106
25.765106
26.315106
27.915106
29.815106
30.365106
30.915106
31.465106
32.015106
33.615106
34.165106
35.765106
36.315106
37.915106
40.065106
40.615106
42.779906
44.379906
46.265106
46.815106
47.365106
47.915106
50.079906
50.629906
52.215106
52.765106
57.865106
58.415106
58.965106
59.515106
60.065106
60.615106
61.165106
64.379906
64.929906
65.479906
67.365106
67.915106
70.065106
70.615106
72.229906
73.815106
74.365106
76.515106
77.065106
79.215106
82.729906
83.279906
83.829906
84.379906
85.965106
87.565106
89.465106
91.079906
91.629906
93.765106
94.315106
95.915106
97.815106
99.979906
103.165106
103.715106
105.315106
106.915106
107.465106
109.065106
111.215106
111.765106
112.315106
112.865106
113.415106
113.965106
114.515106
115.065106
115.615106
116.165106
117.765106
118.315106
120.229906
120.779906
121.329906
124.515106
129.615106
130.165106
130.729906
131.279906
131.829906
132.379906
133.965106
134.515106
136.129906
136.679906
138.265106
