1.203754
1.753754
2.274154
2.809354
3.359354
3.909354
4.444554
5.114954
5.664954
6.214954
6.764954
7.314954
7.864954
8.414954
8.964954
9.514954
10.079754
10.629754
11.164954
11.714954
12.278203
14.445883
14.994554
15.544554
16.079754
17.679754
18.229754
18.779754
19.329754
20.929754
21.479754
22.029754
22.564954
23.114954
23.664954
24.229754
24.779754
25.314954
25.864954
27.464954
28.014954
28.581994
29.114954
29.664954
30.214954
30.764954
31.314954
31.864954
32.364954
34.314954
34.864954
35.429754
35.979754
36.529754
37.079754
37.614954
38.164954
38.714954
39.264954
39.814954
40.364954
41.979754
42.514954
43.064954
43.614954
44.164954
45.764954
46.314954
46.864954
47.414954
47.964954
49.864954
50.414954
50.964954
51.514954
52.064954
52.614954
53.164954
53.729754
54.279754
56.429754
56.979754
59.114954
59.664954
61.264954
61.814954
62.379754
62.914954
63.464954
64.014954
65.914954
66.464954
68.615323
69.165323
69.714954
70.264954
72.414960
72.964963
73.514967
74.064972
74.614977
75.179783
75.714990
76.264997
76.815005
77.365014
77.915023
79.515053
81.115062
83.265062
83.815062
84.365062
84.915062
85.465062
87.615062
88.165062
88.715062
89.265062
89.815062
91.965062
92.515062
94.415062
96.015062
99.529862
100.065062
101.665062
102.215062
102.765062
104.365062
104.915062
105.465062
107.629862
108.179862
108.729862
109.279862
109.829862
111.715062
112.265062
112.815062
114.415062
114.965062
115.515062
117.129862
117.679862
118.229862
118.779862
120.365062
120.915062
121.465062
122.015062
122.565062
123.115062
123.665062
124.215062
124.765062
125.329862
126.915062
127.465062
129.379862
130.979862
131.529862
132.065062
132.615062
134.765062
135.315062
135.865062
136.415062
136.965062
137.515062
138.065062
138.615062
139.165062
139.715062
140.265062
140.815062
141.365062
141.915062
142.465062
145.965062
148.115062
149.729862
150.279862
150.829862
151.365062
151.915062
152.465062
153.029862
153.579862
155.179862
155.729862
156.279862
156.829862
158.415062
158.965062
159.515062
160.065062
160.615062
162.229862
162.779862
164.365062
166.265062
167.865062
168.415062
168.965062
169.515062
171.429862
173.044662
173.579862
174.129862
176.015062
176.565062
178.715062
180.865062
181.415062
181.979862
182.544662
183.094662
185.215062
187.365062
187.929862
188.465062
192.215062
194.365062
194.915062
195.465062
196.015062
196.565062
197.115062
197.665062
