1.144706
3.815106
4.365106
4.915106
5.465106
6.015106
6.565106
8.665106
10.615106
12.765106
14.915106
15.465106
17.065106
17.615106
18.165106
18.715106
19.265106
19.815106
20.365106
20.915106
24.415106
24.965106
25.515106
26.065106
26.615106
28.215106
28.765106
30.365106
30.915106
31.465106
33.065106
33.615106
35.215106
35.765106
38.979906
40.579906
41.115106
42.716046
43.265106
43.815106
44.365133
44.915106
46.515106
47.065106
47.615106
49.229906
49.779906
50.329906
50.879906
51.415106
51.965106
52.515106
54.665106
55.215106
56.815106
58.965106
59.515106
60.065106
60.615106
62.515106
63.065106
63.615106
64.165106
64.715106
65.265106
65.815106
69.565106
70.115106
70.665106
72.265106
80.565106
81.115106
81.665106
82.215106
83.844706
84.394706
84.915133
86.815106
88.965106
89.515106
90.065106
91.665106
93.265106
94.865106
95.415106
97.629149
97.915106
99.515106
101.115106
103.145709
103.580275
105.165106
105.729906
106.279906
107.879906
109.465106
111.365106
113.515106
114.079906
114.629906
116.229906
116.794706
118.379906
119.965106
121.565106
122.115106
123.715106
125.315106
125.865106
126.415106
126.965106
127.529906
128.079906
128.629906
130.215106
131.815106
132.365106
134.279906
134.829906
135.365106
135.915106
136.465106
138.615106
