1.144554
1.679754
2.229754
2.779754
3.329754
3.879754
4.414954
4.964954
5.514954
6.064954
6.614954
7.164954
7.714954
8.264954
8.814954
9.914954
10.479754
11.029754
11.579754
12.129754
12.679754
13.214954
13.764954
14.314954
14.864954
15.414954
15.964954
16.514954
17.064954
17.614954
18.164954
18.714954
19.264954
19.814954
20.379754
20.929754
21.479754
22.014954
22.564954
23.114954
23.664954
24.214954
26.114954
26.664954
27.214954
27.764954
28.314954
28.864954
29.414954
29.964954
30.514954
31.064954
31.614954
32.164954
32.714954
34.314954
34.864954
36.764954
37.314954
37.864954
38.414954
38.964954
39.514954
40.064954
40.614954
41.164954
41.714954
42.279754
42.829754
43.364954
45.529754
46.079754
46.629754
47.179754
47.729754
48.264954
48.814954
49.364954
49.914954
50.464954
51.014954
51.564954
52.114954
52.664954
53.214954
55.364954
55.914954
56.464954
57.014954
57.564954
58.114954
58.664954
59.214954
59.764954
60.314954
60.864954
61.414954
61.964954
62.514954
63.064954
65.214954
65.764954
66.314954
66.864954
67.414954
67.964954
68.514954
69.064954
70.664954
71.214954
71.764954
72.314954
72.864954
73.414954
73.964954
74.514954
75.064954
75.614954
76.164954
76.714954
77.264954
77.814954
78.364954
78.914954
79.464954
80.014954
80.564954
81.114954
81.664954
82.214954
82.764954
84.664954
85.214954
85.764954
86.314954
86.864954
87.414954
87.964954
88.529754
89.079754
89.629754
90.179754
90.729754
91.279754
91.829754
92.379754
93.964954
94.514954
95.064954
95.614954
96.164954
96.714954
98.614954
99.164954
99.714954
100.264954
100.814954
101.364954
101.914954
102.464954
103.014954
103.564954
104.114954
104.664954
105.214954
105.764954
106.314954
106.864954
107.414954
107.964954
108.514954
109.064954
109.614954
110.164954
110.714954
111.264954
111.814954
112.364954
112.929754
113.479754
114.029754
114.579754
116.714954
117.264954
117.814954
118.364954
118.914954
119.479754
120.029754
120.579754
122.164954
122.714954
124.314954
124.864954
125.414954
125.964954
126.514954
128.414954
128.964954
130.564954
131.114954
131.664954
132.214954
132.764954
133.314954
133.864954
134.414954
134.964954
135.514954
136.064954
136.614954
137.164954
137.714954
138.264954
140.164954
140.714954
141.264954
141.814954
142.364954
142.914954
145.064954
145.614954
146.164954
146.714954
147.264954
147.814954
148.364954
148.914954
149.464954
150.014954
150.564954
151.114954
151.664954
152.214954
152.764954
153.314954
154.914954
155.464954
156.014954
156.564954
157.114954
157.664954
159.279754
159.829754
160.379754
160.929754
161.479754
162.029754
162.579754
163.129754
164.714954
165.264954
165.814954
166.364954
166.914954
167.464954
168.014954
168.564954
169.114954
169.664954
170.214954
170.764954
171.314954
171.864954
172.414954
172.964954
173.514954
174.064954
174.614954
175.164954
175.714954
177.864954
178.414954
178.964954
179.514954
180.064954
180.614954
181.164954
183.064954
183.614954
184.164954
184.714954
185.264954
186.864954
187.414954
187.964954
188.514954
190.114954
190.664954
191.214954
192.814954
194.714954
195.264954
195.814954
196.364954
196.914954
197.464954
198.014954
198.564954
199.114954
199.664954
