1.159354
1.709354
2.259354
2.809354
3.359354
3.909354
4.459354
5.009354
5.559354
6.094554
6.644554
7.194554
7.744554
9.864954
10.429754
11.529754
12.079754
12.629754
13.194554
13.729754
14.279754
14.829754
15.379754
15.929754
16.479754
17.029754
17.579754
18.129754
18.679754
19.229754
19.779754
20.329754
20.879754
21.429754
21.994554
22.529754
23.079754
23.629754
24.164954
26.079754
26.629754
27.179754
27.729754
28.264954
28.814954
29.364954
29.914954
30.464954
31.014954
31.564954
32.114954
34.279754
34.829754
35.379754
35.929754
36.479754
38.064954
38.614954
39.164954
39.714954
40.264954
40.814954
42.964954
43.514954
44.064954
44.614954
45.164954
45.714954
47.614954
48.164954
48.714954
49.264954
49.814954
51.414954
54.929754
55.479754
56.029754
56.579754
58.164954
58.714954
59.279754
59.829754
60.379754
60.929754
61.479754
62.014954
62.564954
63.114954
63.664954
67.164954
67.714954
68.264954
68.814954
69.364954
69.914954
70.464954
71.029754
71.581491
72.114954
74.264954
74.814954
75.364954
75.914954
77.529754
78.079754
78.614954
79.164954
79.715323
80.264954
80.814954
81.379754
81.914954
82.464954
83.014954
83.564954
84.114954
84.664954
85.214954
85.764954
86.314954
86.864954
87.414954
87.964954
88.514954
90.129754
90.679754
91.229754
91.779754
92.329754
92.879754
94.764954
96.364954
96.914954
97.464954
98.014954
98.564954
99.114954
99.664954
100.229754
100.779754
101.329754
101.879754
102.429754
102.979754
103.561277
104.079754
104.629754
105.179754
105.729754
106.279754
106.829754
107.379754
109.314954
111.464954
112.029754
112.579754
113.129754
113.664954
114.214954
115.829754
116.379754
116.914954
117.464954
118.014954
118.564954
119.114954
119.664954
120.214954
120.764954
122.364954
122.914954
123.514954
124.064954
124.614954
125.164954
125.714954
127.314954
127.864954
128.414954
130.329754
130.879754
131.414954
131.964954
132.514954
133.064954
133.629754
134.164954
134.714954
135.264954
135.814954
136.364954
136.914954
137.464954
138.014954
138.564954
139.114954
139.664954
140.214954
140.764954
142.929754
143.479754
144.029754
144.579754
145.129754
145.664954
146.214954
146.764954
147.329754
147.879754
148.414954
150.564954
151.114954
151.664954
152.214954
152.764954
154.364954
154.914954
155.464954
156.014954
156.564954
157.114954
157.664954
158.214954
158.764954
159.314954
159.864954
160.414954
160.964954
161.514954
162.064954
162.614954
163.164954
164.764954
165.314954
165.864954
166.414954
166.964954
167.514954
168.064954
168.614954
169.164954
169.714954
170.264954
170.814954
172.429754
172.979754
173.529754
174.079754
174.614954
175.164954
175.714954
176.264954
176.814954
177.364954
177.914954
178.464954
179.014954
179.564954
180.114954
180.679754
181.214954
181.764954
182.314954
182.864954
183.414954
183.964954
184.514954
185.064954
185.614954
186.164954
186.714954
187.264954
187.814954
188.364954
189.964954
190.514954
192.414954
194.564954
196.714954
197.264954
197.814954
198.364954
198.914954
199.464954
