1.129662
1.679662
2.229662
2.779662
3.329662
3.879662
4.429662
4.979662
5.529662
6.079662
6.629662
7.179662
7.729662
8.279662
8.829662
9.379662
9.929662
10.479662
11.029662
11.579662
12.129662
12.679662
13.229662
13.779662
14.329662
14.879662
15.429662
15.979662
16.529662
17.079662
17.629662
18.179662
18.729662
19.279662
19.829662
20.379662
20.929662
21.479662
22.029662
22.579662
23.129662
23.679662
24.229662
24.779662
25.329662
25.879662
26.429662
26.979662
27.529662
28.079662
28.629662
29.179662
29.729662
30.279662
30.829662
31.379662
31.929662
32.479662
33.029662
33.579662
34.129662
34.679662
35.229662
35.779662
36.329662
36.879662
37.429662
37.979662
38.529662
39.079662
39.629662
40.179662
40.729662
41.279662
41.829662
42.379662
42.929662
43.479662
44.029662
44.579662
45.129662
45.679662
46.229662
46.779662
47.329662
47.879662
48.429662
48.979662
49.529662
