79.579910
80.265106
82.429906
84.015106
85.640124
86.165106
86.715106
90.215106
90.765106
94.515106
96.129906
96.679906
97.215106
97.765106
98.315106
98.865106
99.415106
99.965106
100.515106
102.415106
102.965106
105.115106
107.265106
109.415106
109.965106
110.515106
111.065106
111.815106
112.365106
112.915106
113.465106
115.065106
118.265106
118.815106
119.365106
120.965106
121.515106
122.065106
122.615106
123.165106
125.065106
125.615106
127.765106
129.915106
130.465106
131.015106
131.565106
132.115106
132.665106
133.215106
133.765106
134.315106
136.465106
138.065106
