77.065110
78.165058
78.715006
79.264970
80.879754
81.429754
81.994554
82.544554
83.094554
83.629754
84.194554
84.765674
85.279754
85.850874
86.387034
86.929754
87.464954
88.014954
89.644554
90.194554
90.744554
91.294554
91.844554
92.379754
92.929754
93.479754
94.029754
94.579754
95.114954
95.664954
96.214954
96.764954
97.314954
99.244554
99.914954
100.464954
102.479754
103.029754
103.579754
104.129754
104.679754
105.229754
107.444554
107.979754
108.529754
109.079754
109.629754
110.179754
111.764954
112.314954
113.914954
114.464954
116.064954
116.614954
117.164954
119.314954
119.864954
120.414954
120.964954
121.514954
123.414954
123.964954
124.514954
125.064954
127.214954
127.764954
128.464954
129.014954
129.564954
130.114954
131.714954
132.264954
132.814954
133.364954
133.914954
134.464954
135.014954
135.564954
136.114954
136.664954
137.214954
137.764954
138.314954
138.864954
139.414954
139.964954
141.879754
142.429754
142.979754
143.529754
144.079754
144.629754
145.194554
145.729754
146.279754
146.829754
147.379754
147.929754
148.479754
149.029754
149.579754
150.129754
150.764954
151.314954
151.864954
152.414954
152.964954
153.514954
154.064954
154.614954
155.164954
155.729754
156.279754
156.814954
157.364954
157.914954
159.964954
160.514954
161.064954
161.614954
162.164954
162.714954
163.264954
165.414954
165.964954
166.514954
167.064954
167.614954
168.164954
168.714954
169.264954
169.814954
170.364954
170.914954
171.464954
172.014954
172.564954
173.114954
173.664954
174.214954
174.764954
175.329754
175.879754
176.429754
178.014954
178.564954
179.114954
179.664954
180.214954
182.129754
182.694554
183.244554
183.794554
184.344554
184.894554
185.444554
185.994554
186.529754
187.079754
187.629754
188.179754
188.714954
189.264954
190.879754
191.429754
191.979754
192.529754
193.079754
193.629754
194.179754
194.729754
196.314954
196.864954
197.414954
197.964954
198.514954
