79.579910
80.129906
80.665106
81.365106
81.915106
84.065106
85.665106
87.265106
89.165106
89.715106
90.265106
90.815106
92.965106
93.515106
94.065106
96.215106
97.815106
98.365106
98.915106
101.079906
102.665106
103.215106
105.129906
106.715106
108.615106
109.165106
109.715106
110.265106
110.815106
111.365106
111.915106
118.865106
119.415106
119.965106
122.115106
125.865106
126.415106
128.565106
130.715106
132.315106
132.865106
133.415106
136.615106
137.165106
137.715106
139.329906
139.879906
141.465106
142.015106
143.615106
144.179906
144.715106
145.265106
146.879906
147.429906
149.565106
150.115106
150.665106
152.265106
152.815106
154.429906
154.979906
155.529906
159.279906
159.844706
160.394706
160.944706
161.494706
162.029906
163.615106
164.165106
164.715106
165.265106
168.765106
169.329906
170.915106
171.465106
172.029906
172.579906
176.079906
177.665106
178.215106
179.815106
180.365106
180.915106
183.065106
184.665106
185.215106
187.379906
189.515106
191.665106
192.215106
192.765106
193.315106
193.865106
194.415106
196.015106
196.565106
198.194706
198.744706
199.294706
