1.129906
1.679906
2.229906
3.315106
3.865106
5.765106
6.315106
7.915106
8.429906
10.365106
11.965106
12.515106
14.115106
16.265106
16.815106
18.415106
20.015106
21.915106
24.065106
26.215106
26.765106
27.315106
27.865106
28.415106
30.015106
30.565106
32.115106
32.665106
33.215106
36.715106
38.865106
41.015106
41.565106
42.115106
43.715106
44.265106
45.865106
47.465106
49.615106
50.165106
50.715106
51.265106
52.865106
53.415106
53.965106
54.515106
56.415106
56.965106
58.565106
59.115106
61.015106
61.565106
62.115106
64.215106
65.815106
67.979906
69.565106
70.115106
70.665106
71.215106
72.815106
73.365106
73.915106
76.065106
76.615106
77.165106
77.715106
79.615106
81.765106
82.315106
83.929906
87.665106
89.265106
89.815106
90.365106
90.915106
91.465106
93.065106
94.965106
96.565106
98.465106
99.015106
99.565106
100.115106
100.665106
101.215106
101.765106
104.965106
108.465106
109.015106
109.565106
111.165106
114.665106
115.215106
115.765106
121.129906
123.265106
123.815106
124.365106
126.515106
128.115106
130.265106
131.865106
132.415106
135.915106
136.465106
138.615106
140.229906
140.779906
142.365106
144.265106
146.415106
146.965106
147.515106
148.065106
148.615106
149.165106
150.765106
151.315106
151.865106
153.465106
156.965106
158.565106
159.115106
159.665106
160.215106
162.115106
162.665106
163.215106
165.365106
165.915106
166.465106
168.615106
170.215106
172.365106
174.515106
176.115106
176.665106
177.215106
182.315106
183.915106
184.465106
185.015106
185.565106
186.115106
187.715106
188.265106
188.815106
190.415106
192.565106
193.115106
196.329906
196.879906
198.765106
