1.129754
3.414954
3.964954
4.514954
5.064954
5.614954
6.164954
6.714954
8.314954
8.864954
10.464954
11.014954
11.564954
12.114954
14.014954
14.564954
15.114954
15.664954
16.214954
17.814954
18.364954
18.914954
19.464954
20.014954
20.564954
21.114954
21.664954
22.214954
22.764954
23.314954
23.864954
24.429754
24.964954
25.514954
26.077277
26.627277
27.164954
29.350244
29.886404
30.429754
30.979754
31.529754
32.064954
33.664954
35.564954
36.114954
36.664954
37.214954
37.764954
38.314954
38.864954
39.414954
41.564954
42.114954
42.664954
44.814954
45.364954
45.914954
46.464954
47.014954
47.564954
49.164954
49.714954
50.264954
50.814954
51.364954
52.964954
53.514954
54.064954
54.614954
55.164954
55.714954
56.264954
56.814954
57.364954
57.914954
58.464954
60.064954
60.614954
61.164954
61.714954
62.264954
62.814954
63.379754
63.929754
64.464954
65.014954
65.564954
66.114954
66.664954
67.214954
67.764954
68.314954
68.864954
69.414954
69.964954
70.514954
72.414954
72.964954
73.514954
74.064954
74.614954
75.164954
75.714954
77.314954
79.214954
79.764954
80.314954
80.864954
81.414954
81.964954
82.514954
83.064954
83.614954
84.164954
84.714954
85.264954
85.814954
86.364954
86.914954
88.514954
89.064954
89.614954
90.164954
90.714954
91.264954
91.814954
92.364954
92.914954
93.464954
94.014954
94.564954
95.114954
95.664954
96.214954
96.764954
97.314954
97.864954
98.414954
98.964954
99.514954
100.064954
100.614954
101.164954
101.714954
102.264954
102.814954
103.364954
103.914954
104.464954
105.014954
106.914954
107.464954
108.014954
108.564954
109.114954
109.664954
110.214954
110.764954
112.914954
113.464954
114.014954
114.564954
115.114954
115.664954
116.214954
116.764954
117.314954
117.864954
119.464954
120.014954
120.564954
121.114954
121.664954
122.214954
122.764954
123.314954
123.864954
124.414954
124.964954
125.514954
126.064954
126.614954
127.164954
127.714954
128.264954
128.814954
129.364954
129.914954
130.464954
131.014954
131.564954
132.114954
132.664954
133.214954
133.764954
134.314954
134.864954
135.414954
135.964954
136.514954
137.064954
137.614954
138.164954
138.714954
139.264954
139.814954
140.364954
140.914954
141.464954
142.014954
142.564954
143.114954
143.664954
144.214954
144.764954
145.314954
147.214954
147.764954
148.314954
148.864954
149.414954
149.964954
150.514954
151.064954
151.614954
152.164954
152.714954
154.314954
154.864954
155.414954
155.964954
156.514954
157.064954
157.614954
158.164954
158.714954
159.264954
159.814954
160.364954
160.914954
161.464954
162.014954
162.564954
163.114954
163.664954
164.214954
164.764954
165.314954
165.864954
166.414954
166.964954
167.514954
168.064954
168.614954
169.164954
169.714954
170.264954
170.814954
171.364954
171.914954
172.464954
173.014954
173.564954
174.114954
174.664954
175.214954
175.764954
177.664954
178.214954
178.764954
179.314954
179.864954
182.014954
182.564954
183.114954
183.664954
184.214954
184.764954
185.314954
185.864954
186.414954
186.964954
187.514954
188.064954
189.664954
190.214954
190.764954
191.314954
191.864954
192.414954
194.314954
194.864954
195.414954
195.964954
196.514954
197.064954
197.614954
198.164954
198.714954
199.264954
199.814954
