1.114954
1.664954
2.364954
2.914954
3.464954
4.014954
5.614954
6.164954
6.714954
7.264954
7.814954
8.364954
8.914954
9.464954
10.014954
10.564954
11.114954
11.664954
12.214954
12.764954
13.314954
13.864954
14.414954
14.964954
15.514954
16.064954
16.614954
17.164954
17.714954
18.264954
18.814954
19.364954
19.914954
20.464954
21.014954
21.564954
22.114954
22.664954
23.214954
24.814954
25.364954
25.914954
26.464954
28.064954
28.614954
29.164954
29.714954
30.264954
30.814954
31.364954
33.264954
33.814954
34.364954
34.914954
35.464954
36.014954
36.564954
37.114954
37.664954
39.814954
40.364954
40.914954
41.464954
43.614954
44.164954
44.714954
45.264954
45.814954
46.364954
46.914954
47.464954
48.014954
48.564954
50.714954
51.264954
51.829754
52.379754
52.914954
55.079754
55.614954
56.164954
56.714954
57.264954
57.814954
58.364954
58.914954
59.464954
60.014954
60.564954
62.714954
63.264954
64.864954
65.414954
65.964954
66.514954
67.064954
68.964954
69.514954
70.064964
70.615060
