1.159354
1.709354
2.259354
2.809354
3.464954
4.014954
4.564954
5.114954
5.664954
7.264954
7.814954
8.364954
8.914954
9.464954
10.014954
10.564954
11.114954
11.664954
12.214954
14.114954
14.664954
15.214954
15.764954
17.914954
18.464954
19.014954
19.564954
20.114954
20.664954
21.214954
21.764954
22.314954
22.864954
23.414954
23.964954
24.514954
25.064954
25.614954
26.164954
26.714954
27.264954
27.814954
28.379754
28.929754
29.479754
30.029754
30.579754
31.129754
31.679754
32.229754
32.779754
33.329754
33.879754
34.444554
34.994554
35.544554
36.079754
36.629754
37.179754
37.729754
38.279754
38.829754
40.414954
40.964954
41.529754
42.079754
42.629754
43.179754
43.729754
44.264954
45.879754
46.429754
46.979754
47.529754
48.079754
48.629754
49.179754
49.729754
50.279754
50.829754
51.379754
51.929754
52.464954
53.014954
53.579754
54.129754
54.679754
55.229754
55.779754
56.486797
56.952797
57.446477
57.979754
58.529754
60.140157
60.664954
61.214954
61.764954
62.331677
62.864954
64.779754
65.329754
65.879754
66.429754
66.979754
67.529754
68.079754
70.214954
70.779754
71.329754
71.879754
72.429754
72.979754
73.529754
74.079754
74.629754
75.179754
75.729754
76.264954
76.814954
77.364954
77.914954
78.464954
79.014954
79.564954
80.114954
80.664954
81.214954
81.764954
82.314954
82.864954
83.414954
83.964954
84.514954
85.064954
87.214954
87.764954
88.314954
88.864954
89.414954
91.014954
91.564954
92.114954
92.664954
93.214954
93.764954
94.314954
94.864954
95.414954
95.964954
97.564954
98.114954
98.664954
99.214954
99.764954
100.314954
101.914954
102.464954
104.379754
104.929754
105.479754
106.029754
106.579754
107.129754
107.679754
108.229754
108.779754
109.329754
109.879754
110.429754
110.979754
111.529754
112.079754
112.629754
114.214954
114.764954
115.314954
115.864954
116.414954
116.964954
117.514954
118.064954
118.614954
119.164954
119.714954
120.264954
120.814954
121.364954
121.914954
122.464954
123.014954
123.564954
124.114954
124.664954
125.214954
125.764954
126.314954
126.864954
127.414954
127.964954
128.514954
129.064954
129.614954
131.514954
132.064954
132.614954
133.179754
133.729754
134.264954
135.894554
136.444554
136.979754
137.514954
138.064954
138.614954
139.164954
139.714954
140.264954
140.814954
141.364954
141.914954
142.464954
143.014954
143.564954
144.114954
144.664954
145.214954
145.764954
146.314954
146.864954
147.414954
147.964954
148.514954
149.064954
149.614954
151.229754
151.779754
152.314954
152.864954
153.414954
153.964954
154.514954
155.064954
155.614954
156.164954
156.714954
157.264954
157.814954
158.364954
158.914954
159.464954
160.014954
160.564954
161.114954
161.664954
162.214954
162.764954
163.314954
163.864954
164.414954
164.964954
165.514954
167.114954
167.664954
168.214954
168.764954
169.314954
169.864954
171.764954
173.364954
173.914954
174.464954
175.014954
175.564954
177.464954
178.014954
178.564954
179.114954
179.664954
180.214954
180.764954
182.364954
184.264954
184.814954
185.364954
186.964954
187.514954
188.064954
188.614954
189.164954
189.714954
190.264954
190.814954
191.364954
191.914954
192.464954
194.379754
194.929754
195.464954
196.014954
196.564954
197.114954
199.264954
199.814954
