1.144554
1.694554
3.964954
5.544554
6.094554
6.644554
7.179754
7.729754
8.279754
8.829754
9.379754
11.264954
13.414954
13.964954
14.514954
15.064954
15.614954
16.164954
17.764954
18.314954
18.864954
19.414954
19.964954
20.514954
21.064954
21.614954
22.164954
22.714954
23.264954
23.814954
24.364954
26.264954
27.879754
28.429754
28.979754
29.529754
30.064954
30.614954
31.164954
31.714954
33.314954
33.864954
34.414954
34.964954
35.514954
36.064954
36.614954
37.164954
37.714954
38.264954
38.814954
39.364954
39.914954
40.464954
41.014954
41.564954
42.114954
42.664954
43.214954
43.764954
44.314954
44.864954
46.464954
47.014954
47.564954
48.114954
48.664954
49.214954
49.764954
50.314954
50.864954
51.414954
51.964954
52.514954
53.064954
53.614954
54.164954
54.714954
55.264954
55.814954
56.364954
56.914954
57.464954
58.014954
58.564954
59.129754
61.014954
61.564954
62.114954
64.264954
64.814954
65.364954
65.914954
66.464954
67.014954
67.565323
68.115323
68.665323
69.214954
69.764954
70.314954
70.864954
71.414954
71.964954
72.514954
73.064954
73.614954
74.164954
74.714954
75.264954
75.814954
76.364954
76.914954
77.464954
78.014954
78.564954
79.114954
79.664954
80.214954
80.764954
81.314954
81.864954
82.414954
82.964981
83.514954
84.064954
84.614954
85.164954
85.714954
86.264954
86.814954
87.364954
87.914954
88.464954
89.014954
89.564954
90.114954
90.664954
91.214954
93.364954
93.914954
94.464954
95.014954
95.564954
96.114954
96.664954
97.214954
97.764954
98.314954
98.864954
99.414954
101.564954
102.114954
102.664954
103.214954
103.764954
104.314954
104.864954
105.414954
105.964954
106.514954
107.064954
107.614954
108.164954
108.714954
109.264954
109.814954
111.964954
112.514954
113.064954
113.614954
114.164954
114.714954
115.264954
115.814954
117.964954
118.514954
119.064954
119.614954
120.164954
120.714954
121.264954
121.814954
122.364954
122.914954
123.464954
124.014954
126.164954
126.714954
128.314954
128.864954
130.764954
131.314954
131.864954
132.414954
132.964954
133.514954
135.114954
135.664954
136.214954
136.764954
137.314954
137.864954
138.414954
138.964954
139.514954
140.064954
140.614954
141.164954
141.714954
142.264954
142.814954
143.364954
143.914954
145.514954
146.064954
146.614954
147.164954
147.714954
148.264954
148.814954
149.364954
149.914954
150.464954
151.014954
151.564954
153.164954
153.714954
154.264954
154.814954
155.364954
155.914954
156.464954
157.014954
157.564954
158.114954
160.014954
160.564954
161.114954
161.664954
162.214954
162.764954
164.364954
164.914954
165.464954
166.014954
166.564954
167.114954
167.664954
168.214954
168.764954
169.314954
169.864954
170.414954
170.964954
171.514954
172.064954
172.614954
173.164954
173.714954
174.264954
174.814954
175.364954
175.914954
176.464954
177.014954
178.614954
179.164954
179.714954
180.264954
180.814954
182.414954
182.964954
183.514954
184.064954
184.614954
185.164954
185.714954
186.264954
186.814954
187.364954
187.914954
188.464954
189.014954
189.564954
190.114954
190.664954
191.214954
191.764954
192.314954
192.864954
193.414954
193.964954
194.514954
195.064954
195.614954
196.164954
196.714954
197.264954
197.814954
198.364954
198.914954
199.464954
