73.879909
74.565055
75.114938
75.664887
76.526129
76.829657
77.379659
77.929659
78.479658
79.014871
79.564904
80.129754
81.014954
81.564954
82.114954
82.664954
83.214954
83.764954
84.314954
84.864954
85.414954
85.964954
87.564954
88.114954
88.664954
89.214954
89.764954
90.314954
90.864954
91.414954
91.964954
92.514954
93.064954
93.629754
94.164954
94.714954
95.264954
95.829754
96.379754
96.929754
97.479754
98.029754
98.579754
99.129754
99.679754
100.229754
100.779754
101.329754
101.879754
102.429754
102.979754
103.529754
104.079754
104.614954
105.164954
105.714954
106.264954
106.814954
107.364954
107.964954
108.529754
109.079754
109.614954
110.164954
110.714954
111.279754
111.814954
112.364954
112.914954
113.464954
114.014954
114.579754
115.129754
115.679754
116.229754
116.779754
117.329754
117.879754
118.429754
118.979754
119.514954
120.064954
120.614954
121.179754
121.714954
122.264954
122.814954
123.364954
123.914954
124.464954
125.014954
125.564954
126.114954
126.664954
127.214954
127.764954
128.314954
128.864954
129.414954
129.964954
130.514954
131.064954
131.614954
132.164954
132.714954
133.264954
133.814954
134.364954
134.914954
136.814954
138.429754
