1.174154
1.724154
2.244554
2.794554
3.344554
3.894554
4.429754
4.979754
5.529754
6.629754
8.179754
8.714954
9.264954
9.814954
10.364954
10.914954
11.464954
12.014954
12.564954
13.114954
13.664954
14.229754
14.779754
15.314954
15.864954
16.414954
16.964954
17.514954
18.064954
18.614954
20.214954
20.764954
21.314954
21.864954
22.414954
22.964954
23.514954
24.064954
24.614954
25.164954
25.714954
26.264954
26.814954
27.364954
27.914954
28.464954
29.014954
29.564954
30.114954
30.664954
31.214954
31.765323
32.314954
32.864954
33.414954
33.964954
34.514954
35.064954
35.614954
36.164954
36.714954
37.265323
37.814954
38.380123
38.914954
39.479754
40.014954
40.564954
41.114954
41.664954
42.214954
42.764954
43.314954
45.249957
45.764954
46.322277
46.864954
47.414954
47.964954
48.522277
49.064954
49.614954
50.164954
50.714954
51.264954
51.814954
53.964954
54.529754
55.079754
55.614954
56.164954
56.714954
58.329754
58.894554
59.429754
59.979754
61.594554
62.114954
62.664954
63.214954
63.764954
64.314954
65.914954
66.464954
67.027594
67.564954
68.114954
68.668169
69.214954
69.764954
70.314963
70.864980
72.471638
74.079883
74.629894
76.215110
78.365110
80.515139
81.065139
83.215139
86.965139
89.115139
89.665139
99.565139
108.115139
108.665139
110.265139
116.679939
120.165139
131.915139
133.515139
135.665139
143.965139
147.715139
149.315139
150.915139
161.065139
162.665139
175.765139
177.365139
178.965139
184.065139
184.615139
187.815139
191.015139
192.629939
196.115139
196.665139
199.865139
