1.144706
2.229906
2.779906
9.379906
11.515106
13.665106
14.215106
15.815106
17.365106
18.965106
19.515106
20.065106
20.615106
22.215106
22.765106
24.929906
25.479906
28.965106
31.115106
33.265106
34.865106
36.765106
38.365106
38.915106
39.465106
40.015106
40.565106
41.115106
43.015106
44.615106
45.165106
46.765106
48.665106
49.215106
49.765106
50.315106
52.479906
53.029906
54.615106
58.115106
58.665106
59.215106
59.765106
60.315106
60.865106
63.015106
63.565106
64.115106
64.665106
65.215106
65.779906
66.329906
66.879906
67.415106
69.515106
71.115106
72.715106
73.265106
73.815106
74.365106
77.865106
78.415106
80.565106
82.165106
84.065106
85.665106
87.281050
87.815106
88.365106
90.265106
92.415106
92.965106
94.565106
96.465106
97.015106
98.615106
99.165106
99.715106
101.615106
103.765106
104.315106
106.465106
107.015106
109.165106
110.765106
111.315106
113.229906
113.765106
114.315106
114.865106
117.015106
119.165133
121.326269
123.465106
124.026269
124.565106
125.126269
125.665106
130.965106
132.565106
134.715106
136.315106
136.865106
138.465106
140.065106
141.665106
143.265106
143.815106
144.365106
149.465106
151.615106
153.215106
153.765106
154.315106
154.865106
157.015106
159.165106
159.715106
161.315106
161.865106
163.465106
165.615106
166.165106
169.679906
170.215106
170.765106
171.315106
171.865106
172.415106
172.965106
173.515106
174.065106
174.615106
176.215106
178.115106
178.665106
180.815106
181.365106
182.965106
184.565106
186.715106
187.265106
187.815106
189.965106
190.515106
193.715106
194.265106
197.765106
