1.144706
2.715106
4.315106
7.815106
9.929906
10.479906
12.065106
12.615106
13.165106
13.729906
14.279906
14.829906
15.379906
16.965106
17.515106
18.065106
18.615106
19.165106
20.765106
21.315106
23.244706
23.779906
24.329906
24.879906
25.429906
29.165106
32.915106
36.665106
37.215106
40.415106
42.015106
42.565106
43.115106
44.729906
46.865106
49.015106
49.565106
53.315106
55.215106
57.365106
59.515106
60.065106
61.665106
63.265106
64.879906
65.429906
65.979906
66.529906
67.079906
70.565106
71.115106
71.665106
75.415106
77.015106
78.915106
79.465106
88.029906
88.579906
92.315106
92.865106
93.415106
95.015106
96.615106
97.165106
97.715106
99.615106
101.765106
102.315106
102.865106
104.465106
106.079906
108.215106
110.115106
111.715106
112.279906
116.015106
121.115106
121.765106
122.315106
122.915106
124.915106
125.465106
127.079906
128.665106
129.215106
129.765106
130.315106
131.915106
132.465106
134.615106
136.215106
136.765106
137.315106
138.915106
139.465106
141.365106
142.965106
143.515106
145.665106
146.215106
147.815106
148.365106
148.915106
150.515106
151.065106
151.615106
153.515106
156.715106
157.265106
159.179906
161.344706
161.894706
165.615106
166.165106
166.715106
167.265106
167.815106
171.565106
172.115106
172.665106
173.215106
173.765106
174.315106
174.865106
177.015106
177.565106
178.115106
178.665106
181.879906
185.365106
185.915106
186.465106
187.015106
187.565106
188.115106
191.879906
194.015106
196.165106
198.315106
198.865106
199.415106
