0.000000
0.000000
0.000000
0.000000
0.000000
0.000000
5.636107
5.649947
5.663787
5.677627
5.691467
5.705307
0.000000
0.000000
0.000000
0.000000
9.933627
9.947467
0.000000
0.000000
0.000000
0.000000
13.233627
13.247467
13.261307
13.275147
13.288987
13.302827
13.330507
0.000000
14.592675
14.606515
14.620355
14.634195
14.648035
14.661875
14.675715
14.689555
14.703395
14.717235
0.000000
0.000000
0.000000
0.000000
0.000000
0.000000
0.000000
0.000000
0.000000
0.000000
0.000000
25.498427
25.883627
25.897467
25.911307
25.925147
0.000000
0.000000
0.000000
0.000000
29.333627
29.361307
29.375147
29.388987
29.416667
29.430507
29.444347
29.458187
29.472027
29.485867
29.499707
29.513547
29.527387
29.541227
29.555067
29.568907
29.582747
29.596587
29.610427
29.624267
29.638107
29.651947
29.665787
29.679627
29.693467
29.707307
29.721147
29.734987
29.748827
29.762667
29.776507
29.790347
29.804187
29.818027
29.831867
29.845707
29.859547
29.873387
29.887227
29.901067
29.914907
29.928747
29.942587
29.956427
29.970267
29.984107
29.997947
30.011787
30.025627
30.039467
30.053307
30.067147
30.080987
30.094827
0.000000
30.108667
30.122507
30.136347
30.150187
30.164027
30.177867
30.191707
30.205547
30.219387
30.233227
30.247067
30.260907
30.274748
30.288588
30.302428
30.316268
30.330108
30.343948
30.357788
30.371628
30.385468
30.399308
30.413149
30.426989
30.440829
30.454669
30.468509
30.482349
30.510030
30.523870
30.537710
30.551550
30.565390
30.579230
30.593071
30.606911
30.620751
30.634591
0.000000
0.000000
0.000000
0.000000
0.000000
0.000000
0.000000
0.000000
0.000000
0.000000
0.000000
0.000000
0.000000
0.000000
0.000000
0.000000
0.000000
0.000000
0.000000
0.000000
0.000000
0.000000
0.000000
0.000000
0.000000
0.000000
0.000000
0.000000
0.000000
0.000000
0.000000
0.000000
0.000000
0.000000
0.000000
0.000000
0.000000
0.000000
0.000000
0.000000
0.000000
0.000000
0.000000
0.000000
0.000000
0.000000
0.000000
0.000000
0.000000
0.000000
0.000000
0.000000
0.000000
0.000000
0.000000
0.000000
0.000000
0.000000
0.000000
0.000000
0.000000
0.000000
0.000000
0.000000
0.000000
0.000000
0.000000
0.000000
0.000000
