0.000000
0.000000
0.000000
0.000000
0.000000
0.000000
0.000000
0.000000
0.000000
0.000000
0.000000
0.000000
0.000000
0.000000
0.000000
0.000000
0.000000
0.000000
0.000000
0.000000
0.000000
0.000000
0.000000
0.000000
0.000000
0.000000
0.000000
0.000000
0.000000
0.000000
0.000000
0.000000
0.000000
0.000000
0.000000
0.000000
0.000000
0.000000
0.000000
0.000000
0.000000
0.000000
0.000000
0.000000
0.000000
0.000000
0.000000
0.000000
0.000000
0.000000
0.000000
0.000000
0.000000
0.000000
0.000000
0.000000
0.000000
0.000000
0.000000
0.000000
0.000000
0.000000
0.000000
0.000000
0.000000
0.000000
0.000000
0.000000
0.000000
0.000000
0.000000
0.000000
0.000000
0.000000
0.000000
0.000000
0.000000
0.000000
0.000000
0.000000
0.000000
0.000000
0.000000
0.000000
0.000000
84.419643
0.000000
85.519643
0.000000
86.619643
0.000000
87.169643
0.000000
0.000000
89.619643
89.619643
0.000000
0.000000
91.769643
91.769643
0.000000
92.319643
0.000000
93.419643
0.000000
95.019643
0.000000
0.000000
96.119643
96.119643
0.000000
97.219643
0.000000
98.319643
0.000000
99.419643
0.000000
100.519643
0.000000
0.000000
102.169643
102.169643
0.000000
103.269643
0.000000
0.000000
105.419643
105.419643
0.000000
106.519643
0.000000
0.000000
108.169643
108.169643
0.000000
109.769643
0.000000
110.869643
0.000000
111.419643
0.000000
112.519643
0.000000
113.619643
0.000000
114.169643
0.000000
115.269643
0.000000
116.369643
0.000000
117.469643
0.000000
118.569643
0.000000
119.119643
0.000000
120.219643
0.000000
0.000000
122.369643
122.369643
0.000000
123.469643
0.000000
0.000000
125.119643
125.119643
0.000000
126.769643
0.000000
127.319643
0.000000
128.419643
0.000000
129.519643
0.000000
130.619643
0.000000
131.169643
0.000000
132.269643
0.000000
133.369643
0.000000
134.469643
0.000000
135.569643
0.000000
136.119643
0.000000
137.219643
0.000000
138.319643
0.000000
139.419643
0.000000
140.519643
0.000000
141.619643
0.000000
142.169643
0.000000
143.269643
0.000000
144.369643
0.000000
145.469643
0.000000
0.000000
147.119643
147.119643
0.000000
148.219643
0.000000
149.869643
