0.000000
0.000000
0.000000
0.000000
0.000000
0.000000
0.000000
0.000000
0.000000
0.000000
0.000000
0.000000
0.000000
12.369643
0.000000
0.000000
0.000000
0.000000
0.000000
0.000000
18.819643
18.819643
18.819643
18.819643
0.000000
0.000000
0.000000
0.000000
0.000000
0.000000
0.000000
0.000000
0.000000
0.000000
0.000000
0.000000
0.000000
0.000000
0.000000
0.000000
0.000000
0.000000
0.000000
0.000000
0.000000
0.000000
0.000000
0.000000
0.000000
0.000000
0.000000
0.000000
0.000000
0.000000
0.000000
0.000000
0.000000
51.704925
51.704925
51.704925
0.000000
0.000000
53.768085
53.768085
53.768085
53.768085
53.768085
53.768085
53.768085
53.768085
53.768085
53.768085
0.000000
0.000000
0.000000
0.000000
0.000000
0.000000
0.000000
0.000000
0.000000
0.000000
0.000000
0.000000
0.000000
0.000000
0.000000
0.000000
0.000000
0.000000
71.319826
71.319826
71.319826
71.319826
71.319826
71.319826
71.319826
71.319826
71.319826
71.319826
71.319826
71.319826
71.319826
71.319826
71.319826
71.319826
71.319826
71.319826
71.319826
71.319826
71.319826
71.669643
71.319826
71.319826
71.319826
71.319826
71.319826
71.319826
71.319826
71.319826
71.319826
71.319826
71.319826
71.319826
71.319826
71.319826
71.319826
71.319826
71.319826
71.319826
0.000000
0.000000
0.000000
0.000000
0.000000
0.000000
0.000000
0.000000
0.000000
0.000000
0.000000
0.000000
0.000000
0.000000
0.000000
0.000000
0.000000
0.000000
0.000000
0.000000
0.000000
0.000000
0.000000
0.000000
0.000000
0.000000
0.000000
0.000000
