0.000000
0.000000
0.000000
0.000000
0.000000
0.000000
0.000000
0.000000
7.869643
7.869643
0.000000
8.419643
0.000000
10.084288
0.000000
10.084288
10.084288
0.000000
0.000000
12.269643
12.269643
0.000000
13.919643
0.000000
0.000000
0.000000
16.619643
16.619643
16.619643
0.000000
0.000000
0.000000
0.000000
0.000000
0.000000
22.134288
22.134288
0.000000
23.234288
0.000000
24.334288
0.000000
0.000000
0.000000
0.000000
0.000000
0.000000
0.000000
0.000000
32.924283
32.924283
0.000000
0.000000
0.000000
0.000000
0.000000
37.969643
37.969643
37.969643
0.000000
38.534288
0.000000
0.000000
0.000000
0.000000
42.384288
42.384288
42.384288
42.384288
42.384288
42.384288
42.384288
42.384288
0.000000
0.000000
0.000000
0.000000
46.219643
46.219643
46.219643
46.219643
46.219643
46.219643
0.000000
0.000000
0.000000
0.000000
0.000000
0.000000
0.000000
53.869643
53.869643
0.000000
54.419643
0.000000
0.000000
56.619643
56.619643
0.000000
0.000000
58.269643
58.269643
0.000000
0.000000
0.000000
62.069643
0.000000
62.069643
0.000000
0.000000
64.419643
0.000000
0.000000
66.969643
66.969643
66.969643
66.969643
66.969643
66.969643
66.969643
66.969643
0.000000
66.969643
66.969643
66.969643
67.519643
67.519643
0.000000
0.000000
0.000000
0.000000
0.000000
72.219643
72.219643
0.000000
73.869643
0.000000
74.419643
0.000000
75.519643
0.000000
0.000000
0.000000
78.219643
78.219643
78.219643
0.000000
79.319643
79.319643
0.000000
80.434443
0.000000
0.000000
82.169643
82.169643
82.169643
0.000000
0.000000
84.919643
84.919643
84.919643
84.919643
84.919643
0.000000
0.000000
0.000000
0.000000
88.569643
0.000000
0.000000
0.000000
91.569643
91.569643
91.569643
0.000000
0.000000
93.219643
93.219643
0.000000
0.000000
0.000000
97.069643
97.069643
0.000000
97.069643
0.000000
0.000000
101.924283
101.924283
101.924283
101.924283
101.924283
101.924283
101.924283
101.924283
101.924283
101.924283
101.924283
101.924283
101.924283
101.924283
101.924283
101.924283
101.924283
101.924283
101.924283
101.924283
101.924283
101.924283
101.924283
101.924283
101.924283
101.924283
101.924283
101.924283
101.924283
101.924283
101.924283
101.924283
101.924283
101.924283
101.924283
101.924283
101.924283
101.924283
101.924283
102.471435
101.924283
102.471435
101.924283
101.924283
101.924283
101.924283
101.924283
101.924283
101.924283
101.924283
101.924283
101.924283
101.924283
101.924283
101.924283
101.924283
101.924283
101.924283
101.924283
101.924283
101.924283
101.924283
101.924283
101.924283
101.924283
101.924283
101.924283
101.924283
101.924283
101.924283
101.924283
101.924283
101.924283
101.924283
101.924283
101.924283
101.924283
103.019643
