0.000000
0.000000
0.000000
0.000000
0.000000
0.000000
5.534288
5.534288
5.534288
5.534288
5.534288
5.534288
0.000000
6.088928
6.088928
6.088928
6.088928
6.088928
6.088928
0.000000
0.000000
8.469643
8.469643
8.469643
8.469643
0.000000
0.000000
10.674283
10.669643
10.669643
10.669643
0.000000
11.819643
0.000000
12.319643
12.319643
12.319643
0.000000
0.000000
14.519643
14.519643
15.074283
0.000000
15.624283
0.000000
16.174283
16.719643
16.719643
16.719643
16.719643
16.719643
16.719643
16.719643
16.719643
16.719643
16.719643
16.719643
16.719643
16.719643
16.719643
16.719643
0.000000
0.000000
18.369643
18.369643
18.369643
18.369643
18.369643
0.000000
0.000000
20.269643
20.269643
20.269643
20.269643
0.000000
21.119643
21.119643
0.000000
0.000000
23.519643
23.519643
0.000000
24.424283
24.424283
24.424283
0.000000
0.000000
0.000000
27.569643
27.719643
27.719643
27.719643
27.719643
27.719643
27.719643
27.719643
27.719643
0.000000
28.119643
28.269643
29.034443
29.034443
29.034443
29.034443
0.000000
29.034443
0.000000
0.000000
0.000000
0.000000
0.000000
0.000000
35.569681
35.569681
35.869643
35.869643
35.869643
0.000000
36.969643
36.969643
0.000000
37.519643
0.000000
0.000000
39.169643
39.169643
0.000000
0.000000
0.000000
42.369643
42.369643
42.424283
42.424283
42.424283
0.000000
43.469643
44.069643
0.000000
0.000000
45.674283
45.674283
0.000000
46.219643
0.000000
0.000000
0.000000
0.000000
50.319643
50.324283
50.319643
50.324283
50.319643
50.324283
50.319643
50.324283
50.324283
50.324283
0.000000
0.000000
52.469643
52.474283
52.469643
0.000000
53.569643
53.574283
0.000000
54.119643
54.124283
0.000000
55.219643
0.000000
56.869643
0.000000
57.419643
0.000000
59.074283
0.000000
59.624283
0.000000
60.719643
60.719643
60.719643
0.000000
61.269643
61.769643
61.769643
0.000000
62.369643
0.000000
63.969643
63.969643
63.969643
63.969643
63.969643
63.969643
63.969643
63.969643
0.000000
63.969643
63.969643
63.969643
63.969643
64.469643
64.469643
64.469643
0.000000
0.000000
0.000000
0.000000
0.000000
0.000000
0.000000
71.669643
71.669643
71.669643
0.000000
0.000000
0.000000
74.419643
74.419643
0.000000
75.669643
0.000000
76.219643
0.000000
77.419643
77.419643
0.000000
78.419643
78.419643
78.569643
0.000000
79.119643
79.519643
0.000000
0.000000
81.169643
81.169643
81.869643
0.000000
0.000000
0.000000
0.000000
0.000000
0.000000
0.000000
88.769643
88.769643
88.769643
0.000000
0.000000
0.000000
0.000000
0.000000
93.719643
93.719643
93.719643
93.719643
93.719643
93.719643
0.000000
94.269643
0.000000
0.000000
97.019643
0.000000
97.569643
0.000000
0.000000
