0.000000
0.000000
0.000000
0.000000
0.000000
0.000000
5.619643
5.619643
5.619643
5.619643
5.619643
0.000000
6.169643
6.719643
0.000000
0.000000
0.000000
0.000000
0.000000
0.000000
0.000000
0.000000
0.000000
0.000000
0.000000
0.000000
0.000000
0.000000
0.000000
0.000000
0.000000
0.000000
0.000000
0.000000
0.000000
28.069643
0.000000
28.619643
0.000000
29.169643
0.000000
30.819643
0.000000
31.369643
0.000000
0.000000
33.269643
33.819643
0.000000
34.369643
0.000000
35.469643
0.000000
36.569643
0.000000
37.669643
0.000000
0.000000
39.819643
39.819643
0.000000
40.369643
0.000000
41.469643
0.000000
0.000000
43.619643
43.619643
0.000000
44.169643
0.000000
45.269643
0.000000
46.369643
0.000000
36.419682
36.534313
47.669627
47.669627
47.669627
47.669627
47.669627
0.000000
48.219586
0.000000
49.319537
0.000000
50.419522
0.000000
51.519522
0.000000
52.384443
52.384443
52.384443
52.384443
52.384443
52.384443
52.619522
0.000000
53.169522
0.000000
54.269522
55.084443
0.000000
55.084443
55.369522
55.619643
0.000000
56.169643
56.469522
0.000000
57.269643
57.569522
0.000000
58.119522
58.369643
0.000000
59.219522
59.469643
0.000000
60.319522
0.000000
61.419522
0.000000
62.719643
63.069522
62.319848
0.000000
62.319848
63.269643
63.619522
0.000000
64.169522
64.869643
0.000000
65.269522
65.419643
0.000000
66.369522
66.519643
0.000000
67.469522
0.000000
68.569522
68.969643
68.969643
0.000000
69.119522
69.519643
0.000000
70.219517
0.000000
71.319518
0.000000
72.969545
72.269516
0.000000
0.000000
0.000000
0.000000
76.719667
0.000000
0.000000
79.019533
79.019533
79.019533
79.019533
79.019533
0.000000
79.019533
79.019533
79.019533
79.019533
79.019533
79.019533
79.019533
79.019533
79.019533
79.019533
79.019533
79.238935
79.019533
79.238935
79.019533
79.238935
79.019533
79.019533
79.019533
79.019533
79.019533
79.019533
79.019533
79.469795
79.469795
79.469795
79.584273
0.000000
80.349068
80.358368
80.358368
80.358368
80.358368
80.358368
80.358368
80.358368
80.358368
0.000000
81.369842
81.369842
0.000000
77.419643
78.419643
82.543568
81.169643
81.169643
81.869643
82.543568
0.000000
83.088928
83.088928
83.088928
83.088928
83.088928
83.219643
80.819842
80.819842
78.569643
79.069643
80.819842
79.069643
79.069643
83.334642
79.119643
79.069643
79.069643
79.069643
79.069643
77.419643
80.819842
80.819842
79.069643
78.569643
83.219643
80.819842
81.029296
79.119643
81.919842
81.319643
83.219643
82.284443
83.219643
78.569643
78.419643
84.069842
0.000000
84.199068
84.199068
84.199068
84.199068
84.199068
84.199068
84.199068
84.199068
84.199068
79.069643
84.199068
84.322048
84.199068
84.199068
84.199068
84.199068
84.199068
84.199068
84.199068
84.199068
84.199068
84.199068
84.487789
84.199068
84.487789
84.199068
84.487789
84.199068
84.199068
84.199068
84.621709
84.199068
84.199068
84.199068
84.199068
84.199068
84.199068
84.199068
84.199068
0.000000
84.619842
84.619842
85.419643
85.534443
85.849243
0.000000
86.399068
86.399068
86.399068
86.399068
86.399068
86.399068
86.399068
86.634443
86.719842
86.719842
86.799442
0.000000
87.184443
87.219842
87.219842
87.484268
87.499243
0.000000
88.119643
86.234443
86.234443
86.519842
88.119643
88.119643
88.234642
88.284443
87.874283
88.599243
0.000000
87.669658
87.669658
89.149243
87.669658
87.669658
89.134268
88.319658
88.434443
88.319658
89.222048
89.134268
88.769643
88.769643
89.384443
89.924330
0.000000
90.238976
90.249243
90.238976
90.469643
90.419643
0.000000
89.869658
91.334268
91.349243
90.419658
91.334268
91.419643
0.000000
91.519658
92.419558
92.449243
91.969643
91.969643
92.519643
92.620471
92.519643
0.000000
93.169643
92.669658
92.669658
93.519558
93.569488
93.634443
0.000000
94.119488
94.124176
94.124176
94.124176
94.169643
93.719643
93.719643
93.719643
93.719643
94.819643
94.819643
94.269643
0.000000
95.269643
95.319842
93.719643
95.369643
95.719558
94.319658
94.319658
95.719558
95.269643
95.269643
95.269643
0.000000
96.384443
96.469643
96.684642
95.969658
96.834268
96.234584
0.000000
97.219842
97.384268
97.484443
97.634642
97.634642
97.849243
97.849243
97.484288
97.484288
0.000000
98.384443
98.484268
98.569842
98.584443
98.669643
98.669643
98.669643
98.669643
98.869842
0.000000
99.134443
99.484443
99.969842
100.134358
99.369784
100.319842
100.319842
100.319842
100.524482
100.734336
101.619842
107.319643
110.019558
97.484443
108.924252
108.924252
97.484288
97.484288
107.319643
108.924252
98.569842
98.584443
98.669643
98.669643
98.669643
98.869842
107.319643
99.134443
108.924252
99.969842
110.019558
99.369784
100.319842
100.319842
100.524482
100.734336
101.619842
110.019558
98.669643
97.219842
97.634642
97.484288
98.669643
100.319842
100.319842
97.634642
98.669643
111.219643
110.019558
97.484443
112.134443
112.134443
97.484288
111.219643
112.134443
98.569842
98.584443
98.669643
98.869842
111.219643
99.134443
112.134443
99.369784
100.734336
110.019558
100.524482
99.969842
118.269558
100.319842
101.619842
98.669643
97.219842
97.634642
97.484288
98.669643
100.319842
100.319842
97.634642
98.669643
99.969842
120.484268
100.319842
101.619842
98.669643
97.219842
97.634642
97.484288
98.669643
100.319842
100.319842
97.634642
98.669643
99.969842
122.684268
100.319842
101.619842
98.669643
97.219842
97.634642
97.484288
98.669643
100.319842
100.319842
97.634642
98.669643
99.969842
124.884268
100.319842
101.619842
98.669643
97.219842
97.634642
97.484288
98.669643
100.319842
100.319842
97.634642
98.669643
99.969842
127.069558
100.319842
101.619842
98.669643
97.219842
97.634642
97.484288
98.669643
100.319842
100.319842
97.634642
98.669643
99.969842
129.269558
100.319842
101.619842
98.669643
97.219842
97.634642
97.484288
98.669643
100.319842
100.319842
97.634642
98.669643
99.969842
131.469558
100.319842
101.619842
98.669643
97.219842
97.634642
97.484288
98.669643
100.319842
100.319842
97.634642
98.669643
