0.000000
0.000000
0.000000
0.000000
0.000000
0.000000
0.000000
0.000000
0.000000
0.000000
0.000000
0.000000
0.000000
0.000000
0.000000
0.000000
0.000000
0.000000
0.000000
0.000000
0.000000
0.000000
0.000000
0.000000
0.000000
0.000000
0.000000
0.000000
0.000000
0.000000
0.000000
0.000000
0.000000
0.000000
0.000000
0.000000
0.000000
0.000000
0.000000
0.000000
0.000000
0.000000
0.000000
0.000000
0.000000
0.000000
0.000000
0.000000
0.000000
0.000000
0.000000
0.000000
0.000000
0.000000
0.000000
0.000000
0.000000
0.000000
0.000000
0.000000
0.000000
0.000000
0.000000
0.000000
0.000000
0.000000
0.000000
0.000000
0.000000
0.000000
0.000000
0.000000
0.000000
0.000000
0.000000
0.000000
0.000000
0.000000
0.000000
0.000000
0.000000
0.000000
0.000000
0.000000
0.000000
0.000000
0.000000
0.000000
0.000000
0.000000
0.000000
0.000000
0.000000
0.000000
0.000000
0.000000
0.000000
0.000000
0.000000
0.000000
0.000000
0.000000
0.000000
0.000000
0.000000
0.000000
0.000000
0.000000
0.000000
0.000000
0.000000
0.000000
0.000000
0.000000
0.000000
0.000000
0.000000
0.000000
0.000000
0.000000
119.119643
119.169658
119.119643
119.119643
0.000000
0.000000
121.269643
121.269643
119.169658
119.619784
119.619784
119.619784
121.319658
120.819658
121.319658
120.219643
121.330651
119.619784
121.449870
121.569784
121.569784
0.000000
122.369643
122.419658
122.119784
122.480670
0.000000
123.519658
123.219784
122.419643
123.969643
123.519643
123.569658
0.000000
124.619658
124.334584
125.069643
0.000000
124.619643
125.169658
125.469658
125.469658
107.750416
110.189083
125.834642
111.619558
125.834642
125.834642
113.284358
113.519643
125.834642
114.519643
115.158751
115.154179
115.154179
115.469842
115.869643
116.019842
0.000000
125.834642
116.419643
116.569842
116.584358
125.834642
117.875148
117.875148
117.875148
125.834642
118.249158
118.819643
125.919784
118.819643
126.271221
118.819643
118.819643
118.872123
118.872123
118.872123
118.872123
125.834642
118.872123
118.872123
118.872123
119.119643
118.872123
118.872123
118.872123
125.834642
120.219643
125.834642
121.319643
125.834642
125.834642
122.624330
122.624330
126.672048
125.169643
126.672048
122.624330
125.834642
125.834642
124.219842
124.219842
124.219842
126.469784
124.569643
124.769842
125.119643
125.319842
0.000000
127.219643
108.539083
112.969643
117.134336
127.719842
118.872123
119.119643
122.419643
122.624330
122.624330
122.624330
122.624330
0.000000
124.569643
127.719842
127.719842
127.017059
128.169643
128.169643
128.169643
113.419643
118.819643
118.872123
119.119643
128.401685
128.401685
128.294019
128.869643
128.969658
127.569784
127.674222
128.969658
128.119784
128.219658
0.000000
129.419643
127.674222
129.519658
129.219784
127.017059
128.697091
129.884642
129.119842
0.000000
129.519643
129.669842
130.519643
130.869643
130.869643
0.000000
131.619643
131.419643
128.697091
0.000000
128.697091
132.019842
130.125168
132.019842
131.169643
132.172048
131.819842
132.519643
0.000000
133.269643
133.619842
132.284443
132.369842
133.619842
129.324222
133.819643
133.824286
130.424222
133.824286
131.119784
131.119784
131.538932
133.824286
132.624222
132.719784
133.824286
133.174222
0.000000
132.369842
0.000000
0.000000
136.334642
134.134358
134.134358
134.134358
134.474283
134.685242
134.685242
134.685242
134.819842
136.334642
135.220442
136.334642
135.220442
136.334268
0.000000
0.000000
0.000000
0.000000
0.000000
0.000000
0.000000
0.000000
0.000000
0.000000
0.000000
0.000000
0.000000
