0.000000
0.000000
0.000000
0.000000
0.000000
0.000000
0.000000
0.000000
0.000000
0.000000
0.000000
0.000000
11.619643
0.000000
0.000000
0.000000
0.000000
0.000000
0.000000
0.000000
0.000000
0.000000
20.569643
20.569643
0.000000
0.000000
0.000000
0.000000
0.000000
0.000000
0.000000
0.000000
0.000000
0.000000
0.000000
0.000000
0.000000
32.924283
0.000000
0.000000
32.924283
35.919842
35.919842
35.919842
0.000000
36.169643
17.219842
17.224482
17.219842
17.224482
17.569643
17.699243
36.169643
18.119643
16.869643
18.249243
18.219643
17.419643
18.219643
16.619643
18.870320
18.874960
18.874960
18.269643
18.269643
18.269643
18.269643
36.169643
19.369643
19.427520
19.984642
36.169643
20.269643
20.469643
20.534642
18.719643
20.934443
20.219842
36.169643
21.574330
21.569643
20.919643
20.919643
20.919643
20.919643
36.169643
32.119643
32.674283
31.919643
31.919643
32.919643
36.169643
33.219643
33.228970
33.228970
33.228970
33.469643
36.169643
32.924283
34.319643
34.324283
33.469643
33.469643
34.324283
36.169643
34.119643
34.119643
34.119643
34.119643
34.469643
0.000000
34.469643
35.134288
35.369842
35.422417
36.169643
37.169643
0.000000
0.000000
0.000000
0.000000
0.000000
0.000000
0.000000
0.000000
0.000000
0.000000
0.000000
0.000000
0.000000
0.000000
0.000000
0.000000
0.000000
0.000000
0.000000
0.000000
0.000000
0.000000
0.000000
0.000000
0.000000
62.219643
62.219643
62.569643
62.569643
62.569643
62.569643
0.000000
0.000000
0.000000
0.000000
0.000000
66.669643
66.669643
67.669842
0.000000
0.000000
0.000000
0.000000
71.419842
0.000000
0.000000
0.000000
0.000000
0.000000
0.000000
0.000000
78.234288
78.234288
78.234288
78.234288
0.000000
0.000000
0.000000
0.000000
0.000000
0.000000
0.000000
0.000000
86.769643
86.769643
86.769643
86.769643
0.000000
0.000000
0.000000
0.000000
0.000000
0.000000
0.000000
0.000000
0.000000
0.000000
0.000000
0.000000
0.000000
107.619643
107.619643
107.619643
107.619643
107.619643
107.619643
107.619643
109.219643
109.219643
110.169842
112.119643
