0.000000
0.000000
0.000000
0.000000
0.000000
5.069842
5.069842
0.000000
5.069842
5.069842
5.069842
5.534288
5.538928
5.543568
5.534288
5.538928
5.543568
5.534288
5.538928
5.543568
5.534288
5.538928
5.543568
5.534288
5.543568
5.534288
5.538928
5.543568
0.000000
6.174330
6.174330
6.569842
5.622123
5.622123
5.622123
5.622123
6.637217
5.622123
6.649057
5.622123
0.000000
7.184288
5.534288
7.188928
5.534288
5.534288
5.534288
7.219842
5.534288
7.184288
6.084288
6.088928
7.274608
6.088928
6.084288
6.088928
6.084288
6.084288
6.088928
6.084288
6.088928
6.084288
6.634288
7.274608
6.088928
7.739083
7.769842
0.000000
8.269643
8.269643
8.289083
8.919643
8.269643
8.269643
0.000000
8.469643
7.869643
8.469643
9.384443
8.469643
9.424656
8.434288
9.369643
9.384443
0.000000
10.184443
10.469643
10.524330
0.000000
10.674283
10.669643
11.569643
11.671040
11.819643
10.469643
11.819643
0.000000
10.469643
12.369643
12.669643
12.669643
12.669643
0.000000
13.219643
13.469643
12.319643
0.000000
14.269643
14.434642
13.219643
14.434642
13.219643
14.434642
14.572048
14.934642
0.000000
15.134288
15.369643
0.000000
16.134443
16.134443
16.134443
16.134443
16.134443
16.134443
16.224330
16.219643
0.000000
14.519643
14.519643
15.074283
17.674283
15.624283
17.674283
16.174283
16.719643
16.719643
16.719643
16.719643
16.719643
16.719643
16.719643
16.719643
16.719643
16.719643
16.719643
16.719643
16.719643
16.719643
17.674283
0.000000
18.234443
16.519643
17.074283
18.334443
10.469643
18.387883
12.369643
12.669643
12.669643
12.669643
17.074283
13.219643
18.469842
13.469643
12.319643
17.074283
14.269643
14.434642
13.219643
14.434642
13.219643
14.434642
14.572048
14.934642
17.074283
15.134288
15.369643
17.074283
16.134443
18.334443
16.134443
18.334443
16.134443
18.334443
16.219643
18.770875
17.624283
18.770875
18.334443
18.770875
0.000000
19.284336
18.369643
18.369643
18.369643
19.334443
19.422048
19.426688
18.119643
18.119643
19.426688
0.000000
20.519643
20.534443
18.819643
18.819643
20.669842
20.669842
20.669842
20.669842
20.974283
20.269643
20.269643
20.269643
20.269643
0.000000
21.424482
21.619643
21.769842
21.919842
22.069643
22.074283
22.069643
0.000000
21.119643
20.469643
21.119643
22.169643
22.174283
22.174283
22.619643
22.634443
22.634443
0.000000
23.169643
23.269643
23.274283
23.919842
23.919842
0.000000
23.519643
23.519643
24.269643
24.369643
24.384443
20.469643
24.519643
24.519643
0.000000
25.469643
25.669842
25.669842
25.669842
25.669842
25.719842
25.719842
0.000000
26.169643
26.174283
26.169643
26.269842
26.519643
0.000000
0.000000
0.000000
29.769643
26.369643
26.369643
26.369643
29.769643
28.019643
29.769643
28.569643
29.119643
29.969643
29.974283
27.569643
27.569643
27.719643
27.569643
27.719643
29.969643
27.719643
28.119643
27.719643
29.969643
29.219643
29.974283
27.719643
0.000000
29.974283
28.119643
28.269643
29.034443
29.034443
29.034443
29.974283
29.034443
30.519643
27.719643
27.719643
29.034443
30.524283
0.000000
14.519643
15.624283
16.719643
14.434642
27.219643
18.369643
20.669842
20.269643
31.134351
31.134351
31.569842
31.569842
31.624283
31.619643
0.000000
32.134288
32.138928
32.534443
32.534443
32.534443
31.569643
32.534443
31.019643
0.000000
33.224283
33.228970
32.469643
33.228970
32.469643
33.228970
32.469643
33.219643
33.534642
29.319643
29.319643
29.319643
29.319643
29.319643
29.319643
29.319643
33.634443
29.319643
29.319643
29.319643
29.319643
29.319643
29.319643
29.319643
33.534642
33.874235
31.619684
31.619684
31.619684
31.619684
31.619684
31.619684
31.619684
31.619684
31.619684
31.619684
33.869518
31.619684
0.000000
34.070629
31.619684
31.619684
31.619684
29.319643
31.619684
29.319643
31.619684
29.319643
31.619684
34.184443
31.619684
34.070629
31.619684
33.869518
33.869518
33.869518
31.619684
33.869518
33.869518
31.619684
31.619684
34.327861
34.323221
31.619684
31.619684
31.619684
34.422096
31.619684
34.422096
31.619684
31.619684
31.619684
31.619684
33.869518
31.619684
31.619684
31.619684
31.619684
31.619684
31.619684
31.619684
31.619684
31.619684
31.619684
31.619684
31.619684
31.619684
31.619684
33.869518
31.619684
31.619684
33.869518
33.869518
33.869518
33.869518
31.619684
31.619684
31.619684
31.619684
31.619684
31.619684
31.619684
31.619684
31.619684
31.619684
31.619684
33.869518
0.000000
35.284443
35.419643
0.000000
36.384443
35.569681
35.869643
0.000000
36.519643
36.519643
37.484443
0.000000
36.969643
36.969643
38.469643
37.519643
38.469643
0.000000
0.000000
0.000000
41.286448
39.169643
39.169643
41.286448
41.286448
41.519842
41.519842
39.319643
39.319643
39.319643
41.769643
41.769643
40.869643
40.869643
41.769643
42.069842
42.069842
0.000000
42.269643
40.769643
42.337797
40.769643
42.333157
42.519842
0.000000
43.434443
0.000000
44.222219
44.222219
44.222219
44.274656
18.369643
43.034443
41.286448
45.019643
43.669643
39.169643
43.669643
0.000000
39.169643
45.069643
41.286448
44.219643
35.874206
41.519842
35.874206
41.519842
39.319643
39.319643
36.534313
39.319643
43.119709
45.239163
41.769643
40.869643
45.269643
36.534313
40.869643
36.534313
41.769643
45.019643
42.069842
42.069842
36.924190
43.034443
42.269643
45.019643
40.769643
40.769643
40.769643
45.019643
42.519842
40.769643
45.019643
40.769643
40.769643
43.119709
35.874206
43.669775
45.622155
36.419682
36.924190
43.669775
43.669775
45.019643
41.286448
44.134443
43.434443
44.134443
45.869842
36.924190
42.337797
45.863445
0.000000
46.169643
46.184443
45.674283
45.674283
46.919643
46.219643
0.000000
47.289083
47.469643
48.024330
48.024330
0.000000
48.319842
48.319842
44.719643
44.719643
44.719643
48.319842
44.719643
48.319842
48.319842
48.319842
48.569643
44.719643
47.419643
48.919643
0.000000
49.119643
46.869643
49.469643
0.000000
0.000000
51.819643
50.319643
50.324283
50.319643
50.324283
50.319643
50.324283
50.319643
50.324283
50.324283
50.324283
51.819643
0.000000
52.369643
0.000000
52.469643
52.474283
52.469643
53.469643
0.000000
0.000000
53.569643
55.119643
54.119643
54.124283
55.319842
55.819842
52.119643
52.119643
52.119643
52.119643
52.119643
52.119643
55.819842
55.819842
55.819842
52.119643
52.119643
52.119643
52.119643
52.119643
52.119643
52.119643
0.000000
52.119643
52.119643
52.119643
52.119643
55.819842
55.819842
52.119643
53.574283
52.119643
56.234288
52.119643
55.219643
52.119643
56.234288
52.119643
52.119643
52.119643
52.119643
52.119643
52.119643
52.119643
55.819842
52.119643
52.119643
52.119643
52.119643
52.119643
52.119643
52.119643
52.119643
52.119643
52.119643
52.119643
52.119643
52.119643
55.819842
52.119643
52.119643
52.119643
52.119643
52.119643
52.119643
55.819842
52.119643
39.319643
56.819643
52.119643
52.119643
51.704925
52.119643
51.704925
52.119643
54.519643
52.119643
54.519643
52.119643
54.519643
52.119643
53.768085
52.119643
52.119643
52.119643
53.768085
52.119643
54.519643
52.119643
53.768085
54.519643
54.519643
55.619643
0.000000
52.119643
56.819643
56.169643
57.124608
57.129296
52.119643
52.119643
52.119643
55.819842
52.119643
52.119643
52.119643
52.119643
52.119643
55.819842
55.819842
57.519842
57.519842
52.119643
52.119643
0.000000
52.119643
52.119643
58.224330
58.228970
58.219643
52.119643
57.969842
52.119643
57.969842
52.119643
52.119643
56.869643
58.419643
57.419643
58.419643
57.969842
52.119643
52.119643
52.119643
57.969842
52.119643
52.119643
52.119643
57.969842
57.969842
52.119643
52.119643
58.969643
58.969643
58.969643
58.969643
0.000000
59.084642
52.119643
59.084642
59.319643
59.519643
0.000000
60.419643
60.619643
0.000000
61.219842
61.519643
0.000000
60.719643
60.719643
62.269643
62.269643
62.824330
62.824330
62.824330
0.000000
63.374330
63.374330
0.000000
64.219643
64.224330
64.219643
62.369643
63.574330
64.219643
64.224330
64.434443
64.474330
0.000000
65.219842
65.219842
65.219842
65.324330
65.534443
0.000000
66.634443
66.969842
0.000000
67.384336
67.384336
0.000000
66.769643
66.769643
68.284443
65.569643
67.119643
67.119643
65.569643
67.319643
68.319643
68.284443
67.419643
68.469842
68.519842
68.869643
68.869643
0.000000
67.119643
69.384443
69.419643
69.419643
0.000000
70.524288
70.719847
70.719847
0.000000
0.000000
72.211595
72.211595
72.719653
71.669643
71.669643
72.719653
0.000000
73.234457
51.819643
50.319643
50.324283
73.234457
67.384336
73.234457
67.119643
67.419643
68.869643
67.119643
73.234457
0.000000
0.000000
75.184297
75.184297
75.219738
74.419643
74.419643
75.184297
71.977154
75.434484
73.719643
73.719643
73.719643
73.719643
73.719643
73.719643
73.719643
73.719643
73.719643
73.719643
73.719643
73.719643
73.719643
73.719643
73.719643
73.719643
73.719643
73.719643
73.719643
73.719643
75.434484
73.719643
75.434484
73.719643
73.719643
70.542864
73.719643
70.669643
73.719643
70.669643
70.669643
73.719643
67.919643
73.719643
67.919643
73.719643
73.719643
67.919643
73.719643
67.919643
73.719643
73.719643
67.919643
73.719643
70.669643
73.719643
0.000000
70.669643
70.669643
74.395365
75.434484
70.669643
67.919643
67.919643
67.919643
68.469643
68.469643
70.669643
70.669643
71.219643
71.019643
76.322065
72.069643
75.924392
72.319643
72.619643
73.169643
75.924392
74.519643
74.519643
75.924392
76.471707
75.369643
76.471707
75.669643
76.819709
76.219643
0.000000
0.000000
0.000000
0.000000
80.334358
79.019533
80.334358
79.019533
79.019533
79.019533
79.019533
80.569658
79.238935
79.019533
79.238935
79.019533
79.238935
79.019533
79.019533
79.019533
79.019533
79.019533
80.334358
79.469795
79.469795
79.584273
80.334358
0.000000
80.358368
80.358368
80.358368
80.358368
80.358368
80.358368
80.358368
0.000000
80.358368
81.984358
81.369842
81.369842
82.219658
0.000000
0.000000
84.969784
84.969784
0.000000
85.569658
85.569658
85.569658
0.000000
0.000000
87.669658
87.669658
87.669658
87.669658
0.000000
88.319658
88.319658
88.319658
0.000000
89.869658
0.000000
90.419658
0.000000
91.519658
0.000000
92.669658
92.669658
0.000000
0.000000
94.319658
94.319658
94.769658
0.000000
95.969658
0.000000
96.234584
0.000000
0.000000
0.000000
97.569643
99.369784
101.619658
101.619658
107.319643
97.384268
97.484443
108.924252
108.924252
97.484288
97.484288
107.319643
108.924252
98.569842
98.584443
98.669643
98.669643
98.669643
98.869842
107.319643
99.134443
108.924252
99.969842
100.134358
99.369784
100.319842
100.319842
100.524482
100.734336
101.619842
98.484268
98.669643
97.219842
97.634642
97.484288
98.669643
99.969842
100.319842
100.319842
97.634642
98.669643
99.969842
110.019558
100.319842
101.619842
98.669643
97.219842
97.634642
97.484288
98.669643
100.319842
100.319842
97.634642
98.669643
99.969842
118.269558
100.319842
101.619842
98.669643
97.219842
97.634642
97.484288
98.669643
100.319842
100.319842
97.634642
98.669643
99.969842
120.484268
100.319842
101.619842
98.669643
97.219842
97.634642
97.484288
98.669643
100.319842
100.319842
97.634642
98.669643
99.969842
122.684268
100.319842
101.619842
98.669643
97.219842
97.634642
97.484288
98.669643
100.319842
100.319842
97.634642
98.669643
99.969842
124.884268
100.319842
101.619842
98.669643
97.219842
97.634642
97.484288
98.669643
100.319842
100.319842
97.634642
98.669643
99.969842
127.069558
100.319842
101.619842
98.669643
97.219842
97.634642
97.484288
98.669643
100.319842
100.319842
97.634642
98.669643
99.969842
129.269558
100.319842
101.619842
98.669643
97.219842
97.634642
97.484288
98.669643
100.319842
100.319842
97.634642
98.669643
