0.000000
0.000000
0.000000
0.000000
0.000000
0.000000
0.000000
0.000000
0.000000
0.000000
0.000000
11.033627
11.047467
11.061307
11.075147
11.086059
11.099899
0.000000
11.102827
11.113739
11.116667
11.127579
11.130507
11.141419
11.144347
11.155259
11.158187
11.169099
11.172027
11.182939
11.196779
11.210619
11.224459
11.233627
11.247467
11.261307
11.275147
11.288987
11.302827
11.316667
11.330507
11.344347
11.358187
11.372027
11.385867
11.548427
11.562267
11.576107
11.583627
11.589947
11.597467
11.603787
11.617627
11.636059
11.645307
11.659147
11.672987
11.686827
11.700667
12.083969
12.088609
12.098427
0.000000
12.116289
12.130129
12.133627
12.139329
12.143969
12.153169
12.171649
12.180849
12.183627
12.185489
12.194689
12.199329
12.213169
12.227009
12.240849
12.272352
12.300032
12.341552
12.355392
12.369232
12.383072
12.396912
12.424592
12.438432
12.633969
12.647809
12.648427
12.661649
12.675489
12.730849
12.744689
12.813263
12.840943
12.849873
12.868623
0.000000
13.188609
13.213227
13.283627
13.767097
13.771407
13.780937
13.785247
13.794777
13.927103
13.968623
0.000000
14.283627
14.297467
14.298427
14.330937
14.383627
14.398769
14.412609
14.426449
14.440289
14.467969
14.480992
14.481809
14.483627
14.495649
14.497467
14.523329
14.537169
14.551009
14.564849
14.592529
0.000000
15.383627
15.398427
15.483627
15.583627
16.025489
16.067009
16.080849
0.000000
16.498531
16.583627
16.633627
16.638457
16.652297
17.083969
0.000000
17.133627
17.139329
17.183627
17.233969
17.247809
17.289329
17.533969
17.547809
17.598427
17.812609
17.826449
17.847682
17.861522
0.000000
18.148427
18.248273
18.266943
18.293584
18.383627
18.647809
0.000000
19.258384
19.398273
19.811649
19.839329
19.966943
0.000000
20.358384
20.393727
20.398427
20.407567
20.412267
20.421407
20.493549
20.797809
20.811649
21.093584
0.000000
21.107424
21.361649
21.411649
21.425489
21.448427
21.499259
21.593506
21.643584
0.000000
22.162936
22.193584
22.563227
22.586033
22.633969
22.661649
22.675489
0.000000
23.163227
23.262935
0.000000
24.133627
24.147467
24.263227
24.338172
24.343495
24.352012
24.443727
24.457567
24.471407
24.485247
24.783969
24.811649
24.825489
0.000000
25.348427
25.438169
25.443493
25.733627
26.062609
0.000000
26.283627
26.448427
26.533445
26.557424
26.612609
0.000000
27.261649
27.383627
27.548427
27.633559
27.643584
27.783969
27.797809
28.093727
0.000000
28.135247
28.176767
28.190607
28.204447
28.498427
28.648427
28.748273
0.000000
29.133969
29.147809
29.189329
29.198427
29.203169
29.217009
29.230849
29.298224
29.316137
29.583627
29.697809
29.711649
29.739329
29.852297
0.000000
30.133627
30.308384
30.398224
0.000000
31.233731
31.366289
31.398427
31.403169
31.421649
31.435489
31.498273
31.733969
31.747809
31.761649
0.000000
32.333731
32.498427
32.512267
32.526107
32.539947
32.553787
32.608384
32.647809
32.675489
0.000000
33.158384
33.183969
33.197809
33.211649
33.225489
33.452297
33.466137
33.470777
33.479977
33.498457
33.612113
33.983627
0.000000
34.133627
34.233627
34.461649
34.475489
34.489329
34.533627
35.033969
0.000000
35.233627
35.247467
35.333627
35.379977
35.648427
0.000000
36.198427
36.333627
36.933627
36.938457
36.966137
36.979977
36.993817
37.007657
0.000000
37.247809
37.261649
37.275489
37.286402
37.433627
37.483627
37.488457
37.502297
0.000000
38.247809
38.261649
38.275489
38.347809
38.412482
38.533627
38.583627
38.797809
38.825489
0.000000
39.133627
39.498273
39.633627
39.833969
39.847809
0.000000
40.183627
40.233627
40.397809
40.583627
0.000000
41.133627
41.247809
41.261649
41.275489
41.286402
41.333627
41.483969
41.783969
0.000000
42.111649
42.125489
42.293727
42.321407
42.347809
42.362927
42.376767
42.386402
42.390607
42.433627
42.783627
0.000000
43.333627
43.483627
43.533731
43.633969
43.647809
0.000000
44.433627
44.447467
44.461307
44.658475
44.983627
44.997467
45.011307
45.025147
45.029977
45.043817
0.000000
45.733627
45.861649
45.875489
45.889329
45.917009
0.000000
46.321355
0.000000
47.383627
0.000000
48.297809
48.311649
48.325489
48.353169
48.521355
0.000000
49.583627
49.883969
49.897809
0.000000
50.133627
0.000000
51.783627
0.000000
52.333627
0.000000
53.433627
0.000000
54.183969
54.197809
54.211649
54.225489
54.239329
54.548273
0.000000
55.633627
0.000000
56.183627
0.000000
57.283627
0.000000
58.488457
58.529977
58.543817
59.033969
59.047809
0.000000
59.583969
59.748273
59.762113
0.000000
60.283627
0.000000
61.383627
0.000000
0.000000
0.000000
0.000000
65.683627
65.697467
65.711307
65.725147
0.000000
66.233627
66.793097
66.834617
66.848457
66.862297
66.876137
66.889977
0.000000
67.333627
0.000000
68.447809
68.461649
68.475489
68.503169
68.517009
68.943584
68.997809
0.000000
69.493584
0.000000
70.583731
0.000000
71.133630
71.138446
71.166125
71.179965
71.688438
71.716118
0.000000
72.233638
0.000000
0.000000
74.383672
74.397513
74.938390
74.952229
0.000000
75.483699
75.516063
75.529903
76.038379
76.052219
0.000000
0.000000
77.133752
77.683773
0.000000
78.188331
78.202171
78.216011
0.000000
79.862928
0.000000
80.388293
0.000000
81.488293
0.000000
82.588293
0.000000
83.138293
0.000000
0.000000
85.294791
0.000000
86.383653
86.397493
0.000000
87.498287
0.000000
0.000000
0.000000
0.000000
0.000000
0.000000
0.000000
0.000000
0.000000
0.000000
0.000000
0.000000
