0.000000
0.000000
0.000000
0.000000
0.000000
0.000000
0.000000
0.000000
0.000000
0.000000
0.000000
0.000000
0.000000
0.000000
0.000000
0.000000
0.000000
0.000000
0.000000
0.000000
0.000000
0.000000
0.000000
0.000000
0.000000
0.000000
0.000000
0.000000
0.000000
0.000000
0.000000
0.000000
0.000000
0.000000
0.000000
0.000000
0.000000
0.000000
0.000000
0.000000
0.000000
0.000000
0.000000
0.000000
0.000000
0.000000
0.000000
46.252778
46.802778
0.000000
47.352778
47.533627
0.000000
48.452778
48.633627
0.000000
49.552778
0.000000
50.233627
50.247467
50.652778
0.000000
51.202778
51.847467
0.000000
52.302778
52.383627
0.000000
53.402778
53.983627
0.000000
54.502778
54.533627
0.000000
55.602778
55.633627
0.000000
56.152778
0.000000
57.252778
57.533627
57.547467
0.000000
58.352778
58.633627
0.000000
59.183627
59.452778
0.000000
60.283627
60.552778
0.000000
61.383627
61.652778
0.000000
62.202778
0.000000
63.302778
64.083627
64.097467
0.000000
64.402778
64.633627
0.000000
65.183627
65.502778
0.000000
66.602778
0.000000
67.152778
67.383627
67.397467
0.000000
68.252778
68.483627
0.000000
69.352778
69.583627
0.000000
70.133627
70.452773
0.000000
71.552775
71.733627
0.000000
72.283627
72.648142
0.000000
73.183489
73.383627
0.000000
74.483627
0.000000
0.000000
76.383627
76.397467
0.000000
77.483627
0.000000
78.583627
0.000000
79.133627
0.000000
80.233627
0.000000
81.333627
0.000000
82.933627
0.000000
0.000000
0.000000
0.000000
0.000000
0.000000
0.000000
0.000000
0.000000
0.000000
0.000000
0.000000
0.000000
0.000000
0.000000
0.000000
0.000000
