0.000000
0.000000
0.000000
0.000000
0.000000
0.000000
0.000000
0.000000
0.000000
8.419643
8.419643
0.000000
0.000000
0.000000
0.000000
0.000000
0.000000
0.000000
0.000000
0.000000
0.000000
0.000000
0.000000
0.000000
0.000000
0.000000
0.000000
0.000000
0.000000
0.000000
0.000000
0.000000
0.000000
0.000000
0.000000
0.000000
0.000000
0.000000
0.000000
0.000000
0.000000
0.000000
39.819643
39.819643
39.819643
39.819643
39.819643
39.819643
39.819643
39.819643
39.819643
39.819643
39.819643
0.000000
0.000000
0.000000
0.000000
0.000000
44.969643
44.969643
0.000000
0.000000
0.000000
47.869643
0.000000
0.000000
0.000000
0.000000
0.000000
0.000000
0.000000
0.000000
0.000000
0.000000
0.000000
0.000000
0.000000
0.000000
61.519643
61.519643
0.000000
0.000000
63.719643
63.719643
63.719643
63.719643
63.719643
63.719643
63.719643
0.000000
64.219643
0.000000
65.319643
0.000000
0.000000
0.000000
0.000000
0.000000
0.000000
0.000000
0.000000
0.000000
0.000000
0.000000
0.000000
0.000000
0.000000
0.000000
0.000000
81.534288
0.000000
0.000000
0.000000
0.000000
85.819643
0.000000
0.000000
0.000000
0.000000
0.000000
0.000000
0.000000
0.000000
0.000000
0.000000
95.669643
95.669643
0.000000
0.000000
0.000000
0.000000
105.319643
105.319643
105.319643
105.319643
105.319643
105.319643
105.319643
105.319643
