0.000000
0.000000
0.000000
0.000000
0.000000
0.000000
0.000000
0.000000
0.000000
0.000000
0.000000
10.833627
0.000000
11.383627
0.000000
0.000000
0.000000
0.000000
0.000000
0.000000
0.000000
18.283627
18.297467
18.311307
18.325147
18.338987
18.352827
0.000000
19.583627
19.597467
19.611307
19.625147
19.638987
0.000000
0.000000
0.000000
0.000000
0.000000
0.000000
0.000000
0.000000
0.000000
0.000000
0.000000
0.000000
0.000000
0.000000
0.000000
0.000000
0.000000
0.000000
0.000000
0.000000
0.000000
0.000000
0.000000
0.000000
0.000000
0.000000
0.000000
0.000000
0.000000
0.000000
0.000000
50.483627
50.497467
50.511307
50.525147
50.538987
50.552827
50.566667
50.580507
50.594347
50.622027
50.635867
50.663547
50.677387
50.691227
0.000000
0.000000
0.000000
0.000000
0.000000
0.000000
0.000000
0.000000
0.000000
0.000000
0.000000
0.000000
0.000000
0.000000
0.000000
0.000000
66.548427
66.562267
66.576107
66.589947
0.000000
0.000000
0.000000
69.983627
69.997467
0.000000
0.000000
0.000000
0.000000
0.000000
0.000000
0.000000
0.000000
0.000000
0.000000
0.000000
0.000000
0.000000
82.583627
82.597467
82.611307
0.000000
0.000000
0.000000
0.000000
0.000000
88.033627
0.000000
0.000000
0.000000
0.000000
0.000000
0.000000
0.000000
94.383627
94.397467
94.411307
94.425147
0.000000
0.000000
0.000000
0.000000
0.000000
102.248427
102.262267
107.483731
