0.000000
0.000000
0.000000
0.000000
0.000000
0.000000
0.000000
0.000000
0.000000
0.000000
0.000000
10.533627
0.000000
0.000000
12.683627
12.697467
12.711307
12.725147
12.738987
0.000000
13.783627
0.000000
14.333627
0.000000
15.433627
0.000000
16.533627
17.088267
0.000000
17.102107
17.115947
17.129787
17.143627
17.157467
17.171307
17.185147
17.198987
17.212827
17.226667
17.240507
17.254347
17.268187
17.282027
17.295867
17.309707
17.323547
17.337387
17.351227
17.365067
17.378907
17.392747
17.406587
17.420427
17.434267
17.448107
17.461947
17.475787
17.503467
17.638267
0.000000
0.000000
0.000000
0.000000
0.000000
0.000000
0.000000
0.000000
0.000000
26.383627
26.397467
26.411307
0.000000
28.033627
0.000000
28.583627
0.000000
29.133627
0.000000
31.033627
0.000000
31.583627
0.000000
0.000000
0.000000
0.000000
0.000000
36.533627
36.547467
0.000000
0.000000
38.193584
38.207424
0.000000
0.000000
40.893584
40.907424
0.000000
0.000000
0.000000
43.683627
43.697467
0.000000
44.233627
0.000000
0.000000
46.883627
0.000000
47.433627
0.000000
48.533627
0.000000
49.633627
0.000000
50.188267
50.202107
50.215947
50.229787
50.243627
50.257467
50.271307
50.285147
50.298987
50.312827
50.326667
50.340507
50.354347
50.368187
50.382027
50.395867
50.409707
50.423547
50.437387
50.451227
50.465067
50.478907
50.492747
50.506587
50.520427
50.534267
50.548107
50.561947
50.575787
50.589627
50.603467
50.617307
50.631147
50.644987
50.658827
50.672667
50.686507
50.700347
50.714187
50.728027
50.735419
50.741867
50.755707
50.769547
50.783387
50.797227
50.811067
50.824907
50.838747
50.852587
50.866427
50.880267
50.894107
50.907947
50.921787
50.935627
50.949467
50.963307
50.977147
50.990987
51.004827
51.018667
51.032507
51.046347
51.060187
51.074027
51.087867
0.000000
51.101707
51.115547
51.129387
51.143227
51.157067
51.170907
51.184747
51.198587
51.212427
51.226267
51.240107
51.253947
51.267787
51.281627
51.283627
51.309307
51.323147
51.336987
51.350827
51.364667
51.378507
51.392347
51.406187
51.420027
51.433627
51.433867
51.447467
51.447707
51.461547
51.475387
51.489227
51.503067
51.516907
51.530747
51.544587
51.558427
0.000000
0.000000
0.000000
54.533627
54.547467
54.561307
54.575147
54.588987
54.602827
54.616667
54.630507
54.644347
54.658187
54.672027
54.685867
54.699707
54.713547
54.727387
54.741227
0.000000
55.647467
0.000000
56.183627
0.000000
0.000000
0.000000
0.000000
60.733627
60.747467
60.761307
60.775147
60.788987
60.802827
0.000000
0.000000
0.000000
0.000000
0.000000
0.000000
66.783627
66.797467
0.000000
67.133627
67.147467
67.161307
67.175147
67.188987
67.333627
0.000000
0.000000
0.000000
0.000000
72.045495
72.059335
72.073175
72.087015
0.000000
72.100855
72.128535
72.142375
72.156215
72.170055
72.183895
72.197735
0.000000
73.733627
73.747467
73.761307
73.775147
73.802827
73.816667
73.830507
73.844347
73.858187
73.872027
73.885867
73.899707
73.913547
73.927387
73.941227
73.955067
73.982747
73.996587
74.010427
74.024267
74.038107
74.051947
74.065787
74.079627
74.093467
0.000000
74.107307
74.121147
74.134987
74.148827
74.162667
74.176507
74.204187
74.231867
74.245707
74.259547
74.273387
74.287227
74.301067
74.314907
74.328747
74.342587
74.356427
74.409349
74.437029
0.000000
0.000000
0.000000
77.433627
0.000000
78.583627
78.597467
79.097495
0.000000
79.111335
79.125175
79.133627
79.139015
79.152855
79.166695
79.180535
79.194375
79.208215
79.222055
79.235895
79.263575
79.291255
79.305095
79.318935
0.000000
0.000000
81.333627
81.347467
0.000000
0.000000
0.000000
0.000000
0.000000
0.000000
87.893584
0.000000
0.000000
0.000000
0.000000
0.000000
0.000000
0.000000
0.000000
0.000000
0.000000
0.000000
0.000000
107.333627
107.347467
107.361307
107.375147
107.388987
107.416667
107.430507
107.444347
107.458187
107.472027
107.485867
107.513547
107.527387
107.541227
107.555067
107.582747
107.596587
107.610427
107.624267
107.638107
107.651947
107.665787
107.679627
107.693467
107.707307
107.721147
107.734987
107.748827
107.762667
107.884069
107.897909
107.911749
111.233627
111.247467
111.261307
111.275147
111.288987
111.302827
111.316667
111.330507
111.344347
111.358187
111.372027
111.385867
111.399707
111.413547
111.427387
111.441227
111.455067
111.468907
111.496587
111.510427
111.524267
111.551947
111.565787
111.579627
111.593467
111.607307
