0.000000
0.000000
0.000000
0.000000
0.000000
0.000000
0.000000
0.000000
0.000000
0.000000
0.000000
0.000000
0.000000
0.000000
0.000000
0.000000
0.000000
0.000000
0.000000
0.000000
0.000000
0.000000
0.000000
0.000000
0.000000
0.000000
0.000000
0.000000
0.000000
0.000000
0.000000
0.000000
0.000000
0.000000
0.000000
0.000000
0.000000
0.000000
0.000000
0.000000
0.000000
0.000000
0.000000
0.000000
0.000000
0.000000
0.000000
0.000000
0.000000
0.000000
0.000000
0.000000
0.000000
0.000000
0.000000
0.000000
0.000000
0.000000
0.000000
0.000000
0.000000
0.000000
0.000000
0.000000
0.000000
0.000000
0.000000
0.000000
0.000000
0.000000
0.000000
0.000000
0.000000
0.000000
0.000000
0.000000
0.000000
0.000000
0.000000
0.000000
0.000000
0.000000
0.000000
82.233627
0.000000
83.333627
0.000000
84.448427
0.000000
85.533627
0.000000
86.633627
0.000000
87.183627
0.000000
88.833627
0.000000
89.383627
0.000000
91.033627
0.000000
91.583627
0.000000
92.683627
0.000000
93.233627
0.000000
0.000000
95.933627
95.947467
0.000000
97.033627
0.000000
97.583627
0.000000
98.133627
0.000000
99.233627
0.000000
100.348427
0.000000
101.983627
0.000000
102.533627
0.000000
103.633627
0.000000
104.183627
0.000000
105.283627
0.000000
106.883627
0.000000
107.433627
0.000000
0.000000
0.000000
110.133627
110.147467
110.161307
0.000000
111.233627
0.000000
112.333627
0.000000
113.433627
0.000000
114.533627
0.000000
115.633627
0.000000
116.237633
0.000000
117.283627
0.000000
118.383627
0.000000
119.238267
119.483627
0.000000
120.333627
120.583627
0.000000
121.133627
121.433627
0.000000
122.233627
0.000000
123.333627
123.347467
0.000000
124.983627
0.000000
125.533627
0.000000
126.633627
0.000000
127.333627
0.000000
128.433627
0.000000
129.533627
0.000000
0.000000
131.147467
131.683627
0.000000
132.284195
0.000000
133.333627
0.000000
134.433627
0.000000
136.083627
0.000000
136.633627
0.000000
137.183627
0.000000
138.283627
138.833627
0.000000
139.383627
0.000000
140.483627
0.000000
141.583627
0.000000
142.133627
0.000000
143.240035
0.000000
144.333627
0.000000
145.433627
145.983627
0.000000
146.533627
0.000000
0.000000
148.183627
148.197467
0.000000
149.283627
