0.000000
0.000000
0.000000
0.000000
0.000000
0.000000
0.000000
0.000000
0.000000
0.000000
0.000000
0.000000
0.000000
0.000000
0.000000
0.000000
0.000000
0.000000
0.000000
0.000000
0.000000
0.000000
0.000000
0.000000
0.000000
0.000000
0.000000
0.000000
0.000000
0.000000
0.000000
0.000000
0.000000
0.000000
0.000000
0.000000
0.000000
0.000000
0.000000
0.000000
0.000000
0.000000
0.000000
0.000000
0.000000
44.719643
44.719643
44.719643
44.719643
44.719643
44.719643
44.719643
44.719643
44.719643
0.000000
0.000000
0.000000
0.000000
0.000000
0.000000
0.000000
51.369643
51.369643
51.369643
51.369643
0.000000
0.000000
0.000000
0.000000
0.000000
0.000000
0.000000
0.000000
0.000000
0.000000
0.000000
63.019643
63.019643
63.019643
63.019643
0.000000
63.019643
63.019643
63.019643
63.019643
63.019643
63.019643
63.019643
63.019643
0.000000
0.000000
0.000000
0.000000
67.919643
67.919643
67.919643
67.919643
67.919643
67.919643
67.919643
67.919643
67.919643
67.919643
67.919643
67.919643
0.000000
67.919643
67.919643
67.919643
67.919643
67.919643
67.919643
67.919643
68.469643
68.469643
0.000000
69.569643
0.000000
0.000000
0.000000
0.000000
0.000000
0.000000
0.000000
0.000000
0.000000
0.000000
0.000000
0.000000
0.000000
0.000000
0.000000
0.000000
0.000000
0.000000
0.000000
0.000000
0.000000
90.419643
90.419643
0.000000
0.000000
92.219643
0.000000
0.000000
0.000000
0.000000
0.000000
0.000000
0.000000
