0.000000
0.000000
0.000000
0.000000
0.000000
0.000000
0.000000
0.000000
0.000000
0.000000
0.000000
0.000000
0.000000
0.000000
0.000000
0.000000
0.000000
0.000000
0.000000
0.000000
0.000000
0.000000
0.000000
0.000000
0.000000
0.000000
0.000000
0.000000
0.000000
0.000000
0.000000
0.000000
0.000000
0.000000
0.000000
0.000000
0.000000
0.000000
0.000000
0.000000
0.000000
0.000000
0.000000
0.000000
0.000000
0.000000
0.000000
46.219522
46.238900
0.000000
47.319522
47.519643
0.000000
48.419522
48.619643
0.000000
49.519522
0.000000
50.219643
50.219643
50.619522
0.000000
51.169522
51.819643
0.000000
52.269522
52.369643
0.000000
53.369522
53.969643
0.000000
54.469522
54.519643
0.000000
55.569522
55.619643
0.000000
56.119522
0.000000
57.219522
57.519643
57.519643
0.000000
58.319522
58.619643
0.000000
59.169643
59.419522
0.000000
60.269643
60.519522
0.000000
61.369643
61.619522
0.000000
62.169522
0.000000
63.269522
64.069643
64.069643
0.000000
64.369522
64.619643
0.000000
65.169643
65.469522
0.000000
66.569522
0.000000
67.119522
67.369643
67.369643
0.000000
68.219522
68.469643
0.000000
69.319522
69.569643
0.000000
70.119643
70.419514
0.000000
71.519518
71.719643
0.000000
72.269643
72.619526
0.000000
73.169561
73.369643
0.000000
74.469643
0.000000
0.000000
76.369643
76.369643
0.000000
77.469643
0.000000
78.569643
0.000000
79.119643
0.000000
80.219643
0.000000
81.319643
0.000000
82.919643
0.000000
0.000000
0.000000
0.000000
0.000000
0.000000
0.000000
0.000000
0.000000
0.000000
0.000000
0.000000
0.000000
0.000000
0.000000
0.000000
0.000000
