0.000000
0.000000
0.000000
0.000000
0.000000
0.000000
0.000000
0.000000
0.000000
0.000000
0.000000
0.000000
0.000000
0.000000
0.000000
0.000000
0.000000
0.000000
0.000000
0.000000
0.000000
0.000000
0.000000
0.000000
0.000000
0.000000
0.000000
0.000000
0.000000
0.000000
0.000000
0.000000
0.000000
0.000000
0.000000
0.000000
0.000000
37.083627
0.000000
37.183627
37.197467
37.211307
37.225147
37.238987
37.633627
0.000000
38.283627
0.000000
39.383627
39.883627
39.897467
0.000000
40.433627
40.483627
0.000000
41.533627
41.583627
0.000000
42.133627
42.633627
0.000000
43.183627
43.747467
0.000000
44.283627
0.000000
45.188457
45.733627
45.747467
45.933627
0.000000
46.283627
46.483627
46.783969
46.797809
46.825489
46.839329
46.853169
46.867009
46.880849
46.894689
46.908529
0.000000
47.398427
48.033627
48.047467
48.061307
0.000000
48.483627
48.633627
48.647467
48.783969
48.797809
0.000000
49.233969
49.275489
49.303169
49.336223
49.583627
49.633627
49.647467
49.748427
49.798489
49.812329
49.826169
49.897809
49.911649
49.925489
49.939329
49.980849
49.994689
50.008529
0.000000
50.133627
50.183627
50.298427
50.334649
50.348489
50.433969
50.447809
50.503169
50.983969
0.000000
51.233627
51.848427
0.000000
52.333627
52.398427
52.483627
52.497467
52.522367
52.536207
52.550047
52.563887
52.585309
52.612989
52.626829
52.640669
52.654509
0.000000
53.175489
53.498427
53.583627
0.000000
54.133627
54.583627
54.643727
54.685247
54.699087
54.712927
54.726767
54.797809
54.811649
54.825489
55.047571
0.000000
55.133731
55.233627
55.347809
55.583627
55.597467
55.883969
0.000000
56.233627
56.333627
0.000000
57.198427
57.212267
57.333627
57.433627
58.033969
58.047809
58.061649
0.000000
58.161649
58.175489
58.189329
58.203169
58.217009
58.230849
58.298427
58.433627
58.533627
58.583969
58.725489
0.000000
59.398427
59.533627
59.633627
0.000000
60.183627
60.348463
60.362303
60.376143
60.389983
60.483969
60.497809
60.511649
60.539329
60.553169
60.898463
0.000000
61.148427
61.162267
61.533627
61.547467
0.000000
62.248427
62.633627
62.648769
62.662609
62.690289
62.883627
62.897467
63.048463
63.076143
0.000000
63.212609
63.226449
63.240289
63.348427
63.433627
63.612303
63.639983
63.653823
63.667663
63.733627
0.000000
64.147809
64.233627
64.993584
0.000000
65.333627
65.483627
65.497467
65.525147
65.538987
66.033627
0.000000
66.433627
66.583627
66.597467
0.000000
67.548427
0.000000
68.633627
0.000000
69.183627
0.000000
0.000000
71.133627
71.147467
0.000000
72.733627
0.000000
73.283627
0.000000
0.000000
75.733627
75.747467
0.000000
76.283627
0.000000
77.383627
0.000000
0.000000
0.000000
0.000000
81.298427
0.000000
82.398427
0.000000
0.000000
0.000000
0.000000
0.000000
0.000000
0.000000
0.000000
0.000000
0.000000
0.000000
0.000000
0.000000
0.000000
0.000000
0.000000
0.000000
0.000000
101.033627
101.047467
0.000000
0.000000
102.647467
0.000000
103.183627
103.197467
0.000000
105.093584
0.000000
105.107424
105.658475
0.000000
106.208475
0.000000
0.000000
108.343584
108.883627
0.000000
109.433627
0.000000
111.033627
0.000000
111.583627
0.000000
112.133627
0.000000
113.233627
113.247467
0.000000
114.333627
0.000000
115.433627
0.000000
116.533627
0.000000
0.000000
0.000000
0.000000
0.000000
0.000000
0.000000
0.000000
0.000000
0.000000
0.000000
0.000000
0.000000
0.000000
0.000000
0.000000
0.000000
0.000000
0.000000
0.000000
136.533627
136.547467
136.561307
0.000000
0.000000
138.133627
138.147467
0.000000
139.233627
139.783627
0.000000
140.333627
0.000000
141.433627
0.000000
142.533627
0.000000
143.633627
0.000000
144.183627
0.000000
145.283627
0.000000
146.393584
0.000000
147.493584
0.000000
148.593584
0.000000
149.133627
