0.000000
0.000000
0.000000
0.000000
0.000000
0.000000
0.000000
6.103700
6.103700
6.103700
6.103700
6.103700
6.103700
6.103700
6.649060
6.658346
6.649060
6.658346
6.649060
6.658346
6.649060
6.658346
6.649060
6.658346
6.649060
6.658346
6.649060
6.658346
0.000000
7.199060
7.203700
7.208346
0.000000
8.299060
8.303700
8.308346
0.000000
9.399060
9.403700
9.408346
0.000000
10.499060
10.503700
10.508346
0.000000
11.599060
11.608346
0.000000
0.000000
0.000000
0.000000
0.000000
0.000000
0.000000
0.000000
0.000000
0.000000
0.000000
0.000000
0.000000
0.000000
0.000000
0.000000
27.549060
27.553700
27.558346
0.000000
27.549060
28.103700
28.108346
28.649060
28.649060
27.553700
27.558346
0.000000
28.649060
29.203700
29.208346
28.649060
28.103700
28.108346
29.199060
29.749060
29.749060
27.553700
27.558346
29.199060
0.000000
29.749060
30.303700
30.308346
29.203700
29.208346
29.749060
28.103700
28.108346
30.299060
30.299060
30.849060
30.849060
27.553700
27.558346
30.299060
30.299060
0.000000
30.849060
31.403700
31.408346
30.303700
30.308346
29.203700
29.208346
30.849060
28.103700
28.108346
31.399060
31.399060
31.399060
31.949060
31.949060
27.553700
27.558346
31.399060
31.399060
31.399060
0.000000
31.949060
32.503700
32.508346
31.403700
31.408346
30.303700
30.308346
29.203700
29.208346
31.949060
28.103700
28.108346
32.499060
32.499060
32.499060
32.499060
0.000000
33.599060
33.603700
33.608346
0.000000
34.149060
34.153700
34.158346
0.000000
35.249060
35.253700
35.258346
0.000000
36.349060
36.353700
36.358346
0.000000
0.000000
0.000000
0.000000
0.000000
0.000000
0.000000
0.000000
0.000000
0.000000
0.000000
0.000000
0.000000
0.000000
0.000000
0.000000
0.000000
0.000000
0.000000
0.000000
0.000000
0.000000
0.000000
0.000000
0.000000
0.000000
0.000000
0.000000
0.000000
0.000000
0.000000
0.000000
0.000000
0.000000
0.000000
0.000000
0.000000
0.000000
0.000000
0.000000
76.503700
0.000000
77.599060
77.603700
77.608346
0.000000
78.149060
78.153700
78.158346
0.000000
79.249060
79.253700
79.258346
0.000000
80.349060
80.353700
80.358346
0.000000
81.449060
81.453700
81.458346
0.000000
0.000000
0.000000
0.000000
0.000000
0.000000
0.000000
0.000000
0.000000
0.000000
0.000000
92.449060
92.453700
92.458346
0.000000
93.549060
93.553700
93.558346
0.000000
94.103700
94.108346
94.649060
0.000000
95.199060
95.203700
95.208346
0.000000
96.299060
96.303700
96.308346
0.000000
0.000000
0.000000
