0.000000
0.000000
0.000000
0.000000
0.000000
0.000000
0.000000
0.000000
0.000000
0.000000
0.000000
0.000000
11.622263
0.000000
12.172218
12.172263
12.172281
0.000000
13.272218
13.272263
13.272281
0.000000
14.372218
14.372263
14.372281
0.000000
15.472218
15.472263
15.472281
0.000000
16.572218
16.572281
0.000000
0.000000
0.000000
0.000000
0.000000
0.000000
0.000000
0.000000
0.000000
0.000000
0.000000
27.572218
0.000000
28.122218
28.136058
28.149898
28.672218
28.686058
28.699898
28.713738
0.000000
29.222218
29.236058
29.249898
29.263738
29.277578
29.772218
29.786058
29.799898
29.813738
29.827578
29.841418
29.855258
0.000000
30.322218
30.336058
30.349898
30.363738
30.377578
30.391418
30.872218
30.886058
30.899898
30.913738
30.927578
30.941418
30.955258
30.969098
30.982938
30.996778
0.000000
31.422218
31.436058
31.449898
31.463738
31.477578
31.491418
31.505258
31.972218
31.986058
31.999898
32.013738
32.027578
32.041418
32.055258
32.069098
32.082938
32.096778
0.000000
32.110618
32.124458
32.138298
0.000000
0.000000
0.000000
0.000000
0.000000
37.472218
37.472263
37.472281
0.000000
38.572218
38.572263
38.572281
0.000000
39.122263
39.122281
39.672218
0.000000
40.222218
40.222263
40.222281
0.000000
41.322218
41.322263
41.322281
0.000000
42.422218
42.422263
42.422281
0.000000
43.522218
43.522263
43.522281
0.000000
44.622218
44.622263
44.622281
0.000000
45.172218
45.172263
45.172281
0.000000
46.272218
46.272263
46.272281
0.000000
0.000000
0.000000
0.000000
0.000000
0.000000
0.000000
0.000000
0.000000
0.000000
0.000000
57.272218
57.272263
57.272281
0.000000
58.372218
58.372263
58.372281
0.000000
59.472218
59.472263
59.472281
0.000000
60.572218
60.572263
60.572281
0.000000
61.122263
61.122281
61.672218
0.000000
0.000000
0.000000
0.000000
0.000000
0.000000
0.000000
0.000000
0.000000
0.000000
0.000000
0.000000
0.000000
0.000000
0.000000
0.000000
0.000000
0.000000
0.000000
0.000000
0.000000
0.000000
0.000000
0.000000
0.000000
0.000000
0.000000
0.000000
0.000000
0.000000
0.000000
0.000000
0.000000
0.000000
0.000000
0.000000
97.422218
97.422263
97.422281
0.000000
98.522218
98.522263
98.522281
0.000000
99.622218
99.622263
99.622281
