0.000000
0.000000
0.000000
0.000000
0.000000
0.000000
0.000000
0.000000
0.000000
0.000000
0.000000
0.000000
0.000000
0.000000
0.000000
0.000000
0.000000
0.000000
17.122237
17.122281
17.672218
0.000000
18.222218
18.222237
18.222281
0.000000
19.322218
19.322237
19.322281
0.000000
20.422218
20.422237
20.422281
0.000000
21.522218
21.522237
21.522281
0.000000
0.000000
0.000000
0.000000
0.000000
0.000000
0.000000
0.000000
0.000000
0.000000
0.000000
0.000000
0.000000
0.000000
0.000000
0.000000
0.000000
0.000000
0.000000
0.000000
0.000000
0.000000
0.000000
0.000000
0.000000
0.000000
47.372218
47.372237
47.372281
0.000000
48.472218
48.472237
48.472281
0.000000
49.572218
49.572237
49.572281
0.000000
50.122237
50.122281
50.672218
0.000000
51.222218
51.222237
51.222281
0.000000
0.000000
0.000000
0.000000
0.000000
0.000000
0.000000
0.000000
0.000000
0.000000
0.000000
62.222218
62.222237
62.222281
0.000000
63.322218
63.322237
63.322281
0.000000
64.422218
64.422237
64.422281
0.000000
65.522218
65.522237
65.522281
0.000000
66.622218
66.622237
66.622281
0.000000
67.172218
67.172237
67.172281
0.000000
68.272218
68.272237
68.272281
0.000000
69.372218
69.372237
69.372281
0.000000
70.472218
70.472237
70.472281
0.000000
71.572218
71.572237
71.572281
0.000000
0.000000
0.000000
0.000000
0.000000
0.000000
0.000000
0.000000
0.000000
0.000000
0.000000
82.572218
82.572237
82.572281
0.000000
83.122237
83.122281
83.672218
0.000000
84.222218
84.222237
84.222281
0.000000
85.322218
85.322237
85.322281
0.000000
86.422218
86.422237
86.422281
0.000000
0.000000
0.000000
0.000000
0.000000
0.000000
0.000000
0.000000
0.000000
0.000000
0.000000
0.000000
0.000000
