0.000000
0.000000
0.000000
0.000000
0.000000
0.000000
0.000000
0.000000
0.000000
0.000000
0.000000
0.000000
0.000000
0.000000
0.000000
0.000000
0.000000
0.000000
0.000000
0.000000
0.000000
0.000000
21.499060
21.503706
21.508340
0.000000
22.599122
22.603762
22.608408
0.000000
23.149122
23.153762
23.158408
0.000000
24.249122
24.253762
24.258408
0.000000
25.349122
25.353762
25.358408
0.000000
26.449122
26.453762
26.458408
0.000000
0.000000
0.000000
0.000000
0.000000
0.000000
0.000000
0.000000
0.000000
0.000000
0.000000
0.000000
0.000000
0.000000
0.000000
0.000000
0.000000
0.000000
0.000000
0.000000
0.000000
0.000000
0.000000
0.000000
0.000000
0.000000
52.299122
52.303762
52.308408
0.000000
53.399122
53.403762
53.408408
0.000000
54.499122
54.503762
54.508408
0.000000
55.599122
55.603762
55.608408
0.000000
56.149122
56.153762
56.158408
0.000000
0.000000
0.000000
0.000000
0.000000
0.000000
0.000000
0.000000
0.000000
0.000000
0.000000
0.000000
0.000000
0.000000
0.000000
0.000000
71.549060
72.108408
71.553706
71.558340
72.103762
72.649122
0.000000
73.199122
73.203762
73.208408
0.000000
74.299122
74.303762
74.308408
0.000000
75.399122
75.403762
75.408408
0.000000
76.499122
76.508408
0.000000
0.000000
0.000000
0.000000
0.000000
0.000000
0.000000
0.000000
0.000000
0.000000
0.000000
87.499122
87.503762
87.508408
0.000000
88.599122
88.603762
88.608408
0.000000
89.149122
89.153762
89.158408
0.000000
90.249122
90.253762
90.258408
0.000000
91.349122
91.353762
91.358408
0.000000
0.000000
0.000000
0.000000
0.000000
0.000000
0.000000
0.000000
