0.000000
0.000000
0.000000
0.000000
0.000000
0.000000
0.000000
6.122218
6.136058
6.149898
6.163738
6.177578
6.191418
6.205258
6.672218
6.672300
6.686058
6.686140
6.699898
6.699980
6.713738
6.713820
6.727578
6.727660
6.741418
6.741500
6.755258
6.755340
0.000000
7.222218
7.222218
7.222300
0.000000
8.322218
8.322218
8.322300
0.000000
9.422218
9.422218
9.422300
0.000000
10.522218
10.522218
10.522300
0.000000
11.622218
11.622300
0.000000
0.000000
0.000000
0.000000
0.000000
0.000000
0.000000
0.000000
0.000000
0.000000
0.000000
0.000000
0.000000
0.000000
0.000000
0.000000
27.572218
27.572218
27.572300
0.000000
28.122218
28.122218
28.122300
28.672218
28.686058
28.699898
28.713738
0.000000
29.222218
29.222218
29.222300
29.236058
29.249898
29.263738
29.277578
29.772218
29.786058
29.799898
29.813738
29.827578
0.000000
30.322218
30.322218
30.322300
30.336058
30.349898
30.363738
30.377578
30.391418
30.405258
30.419098
30.872218
30.886058
30.899898
30.913738
30.927578
30.941418
0.000000
31.422218
31.422218
31.422300
31.436058
31.449898
31.463738
31.477578
31.491418
31.505258
31.519098
31.532938
31.546778
31.560618
31.972218
31.986058
31.999898
32.013738
32.027578
32.041418
32.055258
0.000000
32.522218
32.522218
32.522300
32.536058
32.549898
32.563738
32.577578
32.591418
32.605258
32.619098
32.632938
32.646778
32.660618
32.674458
32.688298
32.702138
0.000000
33.622218
33.622218
33.622300
0.000000
34.172218
34.172218
34.172300
0.000000
35.272218
35.272218
35.272300
0.000000
36.372218
36.372218
36.372300
0.000000
0.000000
0.000000
0.000000
0.000000
0.000000
0.000000
0.000000
0.000000
0.000000
0.000000
0.000000
0.000000
0.000000
0.000000
0.000000
0.000000
0.000000
0.000000
0.000000
0.000000
0.000000
0.000000
0.000000
0.000000
0.000000
0.000000
0.000000
0.000000
0.000000
0.000000
0.000000
0.000000
0.000000
0.000000
0.000000
0.000000
0.000000
0.000000
0.000000
76.522218
0.000000
77.622218
77.622218
77.622300
0.000000
78.172218
78.172218
78.172300
0.000000
79.272218
79.272218
79.272300
0.000000
80.372218
80.372218
80.372300
0.000000
81.472218
81.472218
81.472300
0.000000
0.000000
0.000000
0.000000
0.000000
0.000000
0.000000
0.000000
0.000000
0.000000
0.000000
92.472218
92.472218
92.472300
0.000000
93.572218
93.572218
93.572300
0.000000
94.122218
94.122300
94.672218
0.000000
95.222218
95.222218
95.222300
0.000000
96.322218
96.322218
96.322300
0.000000
0.000000
0.000000
