0.000000
0.000000
0.000000
0.000000
0.000000
0.000000
0.000000
0.000000
0.000000
0.000000
0.000000
0.000000
0.000000
0.000000
0.000000
0.000000
0.000000
0.000000
17.103706
17.108340
17.649060
0.000000
18.199060
18.203706
18.208340
0.000000
19.299060
19.303706
19.308340
0.000000
20.399060
20.403706
20.408340
0.000000
21.499060
21.503706
21.508340
0.000000
0.000000
0.000000
0.000000
0.000000
0.000000
0.000000
0.000000
0.000000
0.000000
0.000000
0.000000
0.000000
0.000000
0.000000
0.000000
0.000000
0.000000
0.000000
0.000000
0.000000
0.000000
0.000000
0.000000
0.000000
0.000000
47.349060
47.353706
47.358340
0.000000
48.449060
48.453706
48.458340
0.000000
49.549060
49.553706
49.558340
0.000000
50.103706
50.108340
50.649060
0.000000
51.199060
51.203706
51.208340
0.000000
0.000000
0.000000
0.000000
0.000000
0.000000
0.000000
0.000000
0.000000
0.000000
0.000000
62.199060
62.203706
62.208340
0.000000
63.299060
63.303706
63.308340
0.000000
64.399060
64.403706
64.408340
0.000000
65.499060
65.503706
65.508340
0.000000
66.599060
66.603706
66.608340
0.000000
67.149060
67.153706
67.158340
0.000000
68.249060
68.253706
68.258340
0.000000
69.349060
69.353706
69.358340
0.000000
70.449060
70.453706
70.458340
0.000000
71.549060
71.553706
71.558340
0.000000
0.000000
0.000000
0.000000
0.000000
0.000000
0.000000
0.000000
0.000000
0.000000
0.000000
82.549060
82.553706
82.558340
0.000000
83.103706
83.108340
83.649060
0.000000
84.199060
84.203706
84.208340
0.000000
85.299060
85.303706
85.308340
0.000000
86.399060
86.403706
86.408340
0.000000
0.000000
0.000000
0.000000
0.000000
0.000000
0.000000
0.000000
0.000000
0.000000
0.000000
0.000000
0.000000
