0.000000
0.000000
0.000000
0.000000
0.000000
0.000000
0.000000
0.000000
0.000000
0.000000
0.000000
0.000000
0.000000
0.000000
0.000000
0.000000
0.000000
0.000000
0.000000
0.000000
0.000000
0.000000
22.072218
22.086058
22.099898
0.000000
22.622218
22.622218
22.622326
0.000000
23.172218
23.172218
23.172326
0.000000
24.272218
24.272218
24.272326
0.000000
25.372218
25.372218
25.372326
0.000000
26.472218
26.472218
26.472326
0.000000
0.000000
0.000000
0.000000
0.000000
0.000000
0.000000
0.000000
0.000000
0.000000
0.000000
0.000000
0.000000
0.000000
0.000000
0.000000
0.000000
0.000000
0.000000
0.000000
0.000000
0.000000
0.000000
0.000000
0.000000
0.000000
52.322218
52.322218
52.322326
0.000000
53.422218
53.422218
53.422326
0.000000
54.522218
54.522218
54.522326
0.000000
55.622218
55.622218
55.622326
0.000000
56.172218
56.172218
56.172326
0.000000
0.000000
0.000000
0.000000
0.000000
0.000000
0.000000
0.000000
0.000000
0.000000
0.000000
0.000000
0.000000
0.000000
0.000000
0.000000
72.122218
72.122326
72.136058
72.149898
72.163738
72.672218
0.000000
73.222218
73.222218
73.222326
0.000000
74.322218
74.322218
74.322326
0.000000
75.422218
75.422218
75.422326
0.000000
76.522218
76.522326
0.000000
0.000000
0.000000
0.000000
0.000000
0.000000
0.000000
0.000000
0.000000
0.000000
0.000000
87.522218
87.522218
87.522326
0.000000
88.622218
88.622218
88.622326
0.000000
89.172218
89.172218
89.172326
0.000000
90.272218
90.272218
90.272326
0.000000
91.372218
91.372218
91.372326
0.000000
0.000000
0.000000
0.000000
0.000000
0.000000
0.000000
0.000000
