0.000000
0.000000
0.000000
0.000000
0.000000
0.000000
0.000000
0.000000
0.000000
0.000000
0.000000
0.000000
11.608346
0.000000
12.149060
12.158346
12.153700
0.000000
13.249060
13.258346
13.253700
0.000000
14.349060
14.358346
14.353700
0.000000
15.449060
15.458346
15.453700
0.000000
16.549060
16.553700
0.000000
0.000000
0.000000
0.000000
0.000000
0.000000
0.000000
0.000000
0.000000
0.000000
0.000000
27.549060
0.000000
27.549060
27.553700
27.558346
28.649060
28.649060
28.103700
28.108346
0.000000
28.649060
28.649060
27.553700
27.558346
29.199060
29.749060
29.203700
29.208346
29.749060
28.103700
28.108346
29.199060
0.000000
29.749060
29.749060
27.553700
27.558346
30.299060
30.299060
30.849060
30.303700
30.308346
29.203700
29.208346
30.849060
28.103700
28.108346
30.299060
30.299060
0.000000
30.849060
30.849060
27.553700
27.558346
31.399060
31.399060
31.399060
31.949060
31.403700
31.408346
30.303700
30.308346
29.203700
29.208346
31.949060
28.103700
28.108346
0.000000
31.399060
31.399060
31.399060
0.000000
0.000000
0.000000
0.000000
0.000000
37.449060
37.458346
37.453700
0.000000
38.549060
38.558346
38.553700
0.000000
39.108346
39.103700
39.649060
0.000000
40.199060
40.208346
40.203700
0.000000
41.299060
41.308346
41.303700
0.000000
42.399060
42.408346
42.403700
0.000000
43.499060
43.508346
43.503700
0.000000
44.599060
44.608346
44.603700
0.000000
45.149060
45.158346
45.153700
0.000000
46.249060
46.258346
46.253700
0.000000
0.000000
0.000000
0.000000
0.000000
0.000000
0.000000
0.000000
0.000000
0.000000
0.000000
57.249060
57.258346
57.253700
0.000000
58.349060
58.358346
58.353700
0.000000
59.449060
59.458346
59.453700
0.000000
60.549060
60.558346
60.553700
0.000000
61.108346
61.103700
61.649060
0.000000
0.000000
0.000000
0.000000
0.000000
0.000000
0.000000
0.000000
0.000000
0.000000
0.000000
0.000000
0.000000
0.000000
0.000000
0.000000
0.000000
0.000000
0.000000
0.000000
0.000000
0.000000
0.000000
0.000000
0.000000
0.000000
0.000000
0.000000
0.000000
0.000000
0.000000
0.000000
0.000000
0.000000
0.000000
0.000000
97.399060
97.408346
97.403700
0.000000
98.499060
98.508346
98.503700
0.000000
99.599060
99.608346
99.603700
