79.000000
79.000000
79.000000
79.100000
79.272218
79.272263
79.272281
79.286058
80.100000
80.372218
80.372263
80.372281
81.100000
81.472218
81.472263
81.472281
82.100000
82.572218
82.572263
82.572281
83.100000
83.122263
83.122281
83.672218
84.100000
84.222218
84.222263
84.222281
85.100000
85.322218
85.322263
85.322281
86.100000
86.422218
86.422263
86.422281
87.100000
87.522218
87.522263
87.522281
88.100000
88.622218
88.622263
88.622281
89.100000
89.172218
89.172263
89.172281
90.100000
90.272218
90.272263
90.272281
91.100000
91.372218
91.372263
91.372281
92.100000
92.472218
92.472263
92.472281
93.100000
93.572218
93.572263
93.572281
94.100000
94.122263
94.122281
94.672218
95.100000
95.222218
95.222263
95.222281
96.100000
96.322218
96.322263
96.322281
97.100000
97.422218
97.422263
97.422281
98.100000
98.522218
98.522263
98.522281
99.100000
99.622218
99.622263
99.622281
