0
0
0
0
0
0
0
1
1
1
1
1
1
1
1
1
1
1
1
1
1
1
1
1
1
1
1
1
1
1
1
1
1
1
1
0
1
1
1
1
0
1
1
1
1
0
1
1
1
1
0
1
1
1
1
0
1
1
1
1
0
1
1
1
1
0
1
1
1
1
0
1
1
1
1
0
1
1
1
1
0
1
1
1
1
0
1
1
1
1
0
1
1
1
1
0
1
1
1
1
0
1
1
1
1
0
1
1
1
1
0
1
1
1
1
0
1
1
1
1
0
1
1
1
1
0
1
1
1
1
0
1
1
1
1
0
1
1
1
1
0
1
1
1
1
0
1
1
1
1
0
1
1
1
1
0
1
1
1
1
0
1
1
1
1
0
1
1
1
1
0
1
1
1
1
0
1
1
1
1
0
1
1
1
1
0
1
1
1
1
0
1
1
1
1
0
1
1
1
0
1
1
1
1
1
0
1
1
1
0
1
1
1
1
1
0
1
1
1
1
0
1
1
1
0
1
1
1
1
1
1
0
1
1
1
0
1
1
1
1
0
1
1
1
2
2
0
1
1
1
2
0
1
1
1
0
1
1
1
0
1
1
1
1
1
1
0
1
1
1
1
0
1
1
1
1
0
1
1
1
1
0
1
1
1
1
0
1
1
1
0
1
1
1
0
1
1
0
1
1
1
1
1
1
0
1
1
1
1
1
0
0
1
1
1
1
0
1
1
1
1
1
0
1
1
1
1
0
1
1
1
0
1
1
1
1
1
0
1
1
1
0
1
1
1
1
0
1
1
1
1
0
1
1
0
1
1
1
1
1
0
1
1
1
1
1
0
1
1
1
1
0
1
1
1
1
0
1
1
1
1
1
0
1
1
1
0
1
1
1
1
1
1
0
1
1
1
0
1
1
1
0
1
1
1
0
1
1
1
1
1
5
7
8
9
5
3
3
3
3
3
1
7
9
9
8
6
5
5
4
0
5
5
5
5
2
3
3
7
9
10
11
7
5
5
5
5
1
5
3
1
0
1
1
1
1
1
1
0
1
1
0
1
1
1
1
1
1
1
0
1
1
1
0
1
1
1
1
1
1
0
1
1
1
1
0
1
1
1
1
0
1
1
1
1
0
1
1
1
1
0
1
1
1
1
0
1
1
1
0
1
1
1
1
1
