37.100000
37.133627
37.333627
37.491677
37.793727
38.100000
38.233627
38.343727
38.433627
38.591677
39.100000
39.333627
39.533627
39.691677
40.100000
40.241677
40.433627
40.633627
41.043727
41.057567
41.100000
41.183627
41.341677
41.533627
67.100000
67.143584
67.187037
67.533627
68.100000
68.243584
68.287037
68.833969
68.847809
69.100000
69.183731
69.197571
69.343584
69.387037
70.100000
70.487037
70.993584
71.100000
71.543584
71.587037
71.883731
71.897571
72.093727
72.100000
72.107567
72.121407
72.433627
72.643727
72.682397
73.100000
73.193584
73.207424
73.237037
73.533627
74.100000
74.247809
74.261649
74.337037
74.797467
75.100000
75.183627
75.333627
75.441677
75.733627
75.861649
76.100000
76.283627
76.541677
76.933627
