6.500000
6.500000
6.500000
6.500000
6.500000
6.500000
6.500000
6.677783
6.682480
6.687063
6.691623
6.691703
6.696320
6.700903
6.705463
6.705543
6.710160
6.714743
6.719303
6.719383
6.724000
6.728583
6.733143
6.733223
6.737840
6.742423
6.746983
6.747063
6.751680
6.756263
6.760823
6.760903
6.765520
6.770103
6.774743
7.100000
7.227783
7.232423
7.237063
7.241703
8.100000
8.327783
8.332423
8.337063
8.341703
9.100000
9.427783
9.432423
9.437063
9.441703
10.100000
10.527783
10.532423
10.537063
10.541703
11.100000
11.627783
11.632423
11.637063
11.641703
12.100000
12.177783
12.182423
12.187063
12.191703
13.100000
13.277783
13.282423
13.287063
13.291703
14.100000
14.377783
14.382423
14.387063
14.391703
15.100000
15.477783
15.482423
15.487063
15.491703
16.100000
16.577783
16.582423
16.587063
16.591703
17.100000
17.127783
17.132423
17.137063
17.141703
18.100000
18.227783
18.232423
18.237063
18.241703
19.100000
19.327783
19.332423
19.337063
19.341703
20.100000
20.427783
20.432423
20.437063
20.441703
21.100000
21.527783
21.532423
21.537063
21.541703
22.100000
22.627783
22.632423
22.637063
22.641703
23.100000
23.177783
23.182423
23.187063
23.191703
24.100000
24.277783
24.282423
24.287063
24.291703
25.100000
25.377783
25.382423
25.387063
25.391703
26.100000
26.477783
26.482423
26.487063
26.491703
27.100000
27.577783
27.582423
27.587063
27.591703
28.100000
28.127783
28.132423
28.137063
28.141703
29.100000
29.227783
29.232423
29.237063
29.241703
30.100000
30.327783
30.332423
30.337063
30.341703
31.100000
31.427783
31.432423
31.437063
31.441703
32.100000
32.527783
32.532423
32.537063
32.541703
33.100000
33.627783
33.632423
33.637063
33.641703
34.100000
34.177783
34.182423
34.187063
34.191703
35.100000
35.277783
35.282423
35.287063
35.291703
36.100000
36.377783
36.382423
36.387063
36.391703
37.100000
37.133627
37.333627
37.491677
37.793727
38.100000
38.233627
38.343727
38.433627
38.591677
39.100000
39.333627
39.533627
39.691677
40.100000
40.241677
40.433627
40.633627
41.043727
41.057567
41.100000
41.183627
41.341677
41.533627
42.100000
42.133731
42.441677
42.483627
42.497467
42.511307
43.100000
43.233627
43.541677
43.583627
43.602297
44.100000
44.133627
44.333627
44.641677
45.100000
45.183969
45.191677
45.197809
45.211649
45.233627
45.433627
46.100000
46.291677
46.333627
46.793727
47.100000
47.378717
47.382423
47.391703
47.392557
48.100000
48.477783
48.487063
48.491703
49.037063
49.050903
49.100000
49.582423
49.587063
49.591703
49.614743
50.100000
50.127783
50.132423
50.141703
51.100000
51.227783
51.241703
51.246263
52.100000
52.327783
52.332423
52.337063
52.341703
52.350903
52.364743
53.100000
53.427783
53.432423
53.437063
53.441703
54.100000
54.528717
54.532423
54.537063
54.541703
55.100000
55.628717
55.632423
55.637063
55.641703
56.100000
56.178717
56.182423
56.187063
56.191703
57.100000
57.283627
57.291677
57.498427
58.100000
58.383627
58.391677
58.583627
59.100000
59.133627
59.491677
60.100000
60.233627
60.333969
60.375489
60.591677
60.833627
60.847467
61.100000
61.383627
61.433969
61.447809
61.461649
61.691677
62.000000
62.100000
62.241677
62.433627
62.447467
62.533627
63.100000
63.298769
63.312609
63.341677
63.533627
63.633627
64.100000
64.183627
64.403007
64.441677
64.633627
65.100000
65.183627
65.298427
65.541677
66.100000
66.283627
66.383627
66.533969
66.547809
66.641677
67.100000
67.143584
67.187037
67.533627
68.100000
68.243584
68.287037
68.833969
68.847809
69.100000
69.183731
69.197571
69.343584
69.387037
70.100000
70.487037
70.993584
71.100000
71.543584
71.587037
71.883731
71.897571
72.093727
72.100000
72.107567
72.121407
72.433627
72.643727
72.682397
73.100000
73.193584
73.207424
73.237037
73.533627
74.100000
74.247809
74.261649
74.337037
74.797467
75.100000
75.183627
75.333627
75.441677
75.733627
75.861649
76.100000
76.283627
76.541677
76.933627
77.100000
77.383627
77.397467
77.411307
77.425147
77.633627
77.641677
78.100000
78.183627
78.191677
78.483627
79.100000
79.283627
79.291677
79.583627
80.100000
80.147467
80.383627
80.391677
81.100000
81.233627
81.483627
81.488457
81.491677
81.502297
87.000000
87.000000
87.000000
87.000000
87.000000
87.000000
87.000000
87.000000
87.000000
87.000000
87.000000
87.000000
87.005517
87.019357
87.033197
87.047037
87.060877
87.074717
87.088557
87.100000
87.102397
87.116237
87.130077
87.143917
87.157757
87.171597
87.185437
87.541677
87.555517
87.569357
87.583197
87.597037
87.610877
87.624717
87.638557
87.652397
87.666237
87.680077
87.693917
87.983627
88.100000
88.283627
88.297467
88.483969
88.511649
88.533627
88.641677
89.100000
89.191677
90.097809
90.100000
90.111649
90.125489
90.291677
90.433627
90.447467
90.633969
91.002107
91.100000
91.391677
91.533627
91.552107
92.100000
92.477783
92.487063
92.491703
92.493517
92.500903
92.505543
93.100000
93.577783
93.587063
93.591703
93.593517
94.100000
94.127783
94.137063
94.141703
94.143517
95.100000
95.227783
95.232423
95.237063
95.241703
96.100000
96.327783
96.332423
96.337063
96.341703
97.100000
97.183627
97.441677
97.833627
98.033969
98.100000
98.383627
98.541677
98.833627
99.100000
99.383627
99.483627
99.641677
100.183969
100.197809
