1.129906
1.679906
2.229906
3.315106
3.865106
5.765106
6.315106
7.915106
8.429906
10.365106
11.965106
12.515106
14.115106
16.265106
16.815106
18.415106
20.015106
21.915106
24.065106
26.215106
26.765106
27.315106
27.865106
28.415106
30.015106
32.115106
32.665106
34.265106
34.815106
35.365106
35.915106
36.465106
37.015106
37.565106
39.715106
43.215106
48.565106
49.115106
49.665106
50.215106
50.765106
52.915106
55.079906
56.665106
59.865106
60.415106
60.965106
61.515106
63.415106
65.565106
66.115106
66.665106
68.265106
69.865106
70.415106
70.965106
71.515106
75.015106
75.565106
76.115106
77.715106
78.265106
78.815106
80.415106
82.329906
82.879906
86.065106
89.265106
89.815106
93.315106
95.465106
96.015106
96.565106
97.115106
99.265106
101.415106
101.965106
104.115106
104.665106
105.215106
105.765106
107.915106
114.865106
115.415106
115.965106
118.115106
118.665106
120.815106
121.365106
121.915106
122.465106
126.215106
127.815106
129.965106
130.515106
132.129906
132.679906
139.365106
143.115106
143.665106
144.215106
145.815106
147.715106
149.865106
150.415106
152.015106
153.615106
155.215106
157.115106
157.665106
159.265106
159.815106
161.415106
161.965106
163.865106
164.415106
166.015106
166.565106
168.165106
168.715106
169.265106
169.815106
170.365106
170.915106
171.465106
172.015106
172.565106
173.115106
174.715106
176.315106
177.915106
179.515106
181.415106
181.965106
183.565106
187.065106
187.615106
188.165106
189.765106
190.315106
191.915106
192.465106
194.629906
195.179906
195.729906
196.265106
198.429906
198.979906
199.529906
