1.114954
1.664954
2.214954
2.764954
3.314954
3.864954
4.414954
4.964954
5.514954
6.064954
6.614954
8.164954
8.714954
9.264954
9.814954
10.364954
10.914954
11.464954
12.014954
12.564954
13.114954
13.664954
14.214954
14.764954
16.314954
16.864954
17.414954
17.964954
18.514954
19.064954
19.614954
20.164954
20.714954
21.264954
21.814954
22.364954
22.914954
23.464954
24.014954
24.564954
25.114954
25.664954
26.214954
26.764954
27.314954
27.864954
28.414954
28.964954
29.514954
30.064954
30.614954
31.164954
31.714954
32.264954
32.814954
33.364954
33.914954
35.514954
37.414954
37.964954
38.514954
39.064954
39.614954
40.164954
40.714954
41.264954
41.814954
42.364954
42.914954
43.465323
44.015323
44.564954
45.123997
45.664954
46.214954
46.764954
47.314954
47.864954
48.414954
50.564954
52.714954
53.264954
53.814954
54.364954
54.914954
55.464954
56.014954
56.564954
57.114954
57.664954
58.214954
58.764954
59.314954
59.864954
60.414954
60.964954
62.564954
63.114954
63.664954
64.214954
64.764954
66.364954
66.914954
67.464954
68.014954
68.564954
69.114954
69.664954
70.214954
70.764954
71.314954
71.864954
72.414954
72.964954
73.514954
74.064954
74.614954
75.164954
75.714954
76.264954
76.814954
77.364954
77.914954
79.514954
81.414954
81.964954
82.514954
83.064954
83.614954
84.164954
84.714954
85.264954
85.814954
86.364954
86.914954
87.464954
88.014954
88.564954
90.164954
90.714954
91.264954
91.814954
92.364954
92.914954
93.464954
94.014954
94.564954
95.114954
95.664954
96.214954
96.764954
98.364954
98.914954
99.464954
100.014954
100.564954
101.114954
101.664954
102.214954
102.764954
103.314954
103.864954
104.414954
104.964954
105.514954
106.064954
106.614954
107.164954
107.714954
108.264954
108.814954
109.364954
109.914954
111.814954
112.364954
112.914954
113.464954
114.014954
114.564954
115.114954
115.664954
116.214954
116.764954
117.314954
118.914954
119.464954
120.014954
120.564954
121.114954
121.664954
122.214954
122.764954
124.664954
125.214954
125.764954
126.314954
126.864954
127.414954
127.964954
128.514954
129.064954
129.614954
130.164954
130.714954
131.264954
131.814954
132.364954
132.914954
133.464954
134.014954
134.564954
135.114954
135.664954
136.214954
136.764954
137.314954
137.864954
139.464954
141.064954
141.614954
143.764954
144.314954
144.864954
145.414954
147.014954
148.914954
149.464954
151.614954
152.164954
152.714954
153.264954
153.814954
154.364954
154.914954
155.464954
156.014954
156.564954
157.114954
157.664954
158.214954
158.764954
159.314954
159.864954
160.414954
162.014954
162.564954
163.114954
163.664954
164.214954
164.764954
165.314954
165.864954
166.414954
166.964954
167.514954
168.064954
168.614954
169.164954
169.714954
170.264954
170.814954
171.364954
171.914954
172.464954
173.014954
173.564954
174.114954
174.664954
175.214954
175.764954
176.314954
176.864954
177.414954
177.964954
178.514954
179.064954
179.614954
180.164954
180.714954
181.264954
183.164954
183.714954
184.264954
184.814954
185.364954
185.914954
186.464954
187.014954
187.564954
188.114954
188.664954
189.214954
189.764954
190.314954
190.864954
191.414954
191.964954
192.514954
194.664954
195.214954
195.764954
196.314954
196.864954
197.414954
197.964954
