1.144706
1.694706
2.244706
2.794706
3.465106
4.015106
5.615106
6.165106
8.065106
8.615106
10.215106
12.129906
14.265106
16.415106
20.165106
21.765106
22.315106
24.465106
26.065106
26.615106
27.165106
27.715106
28.265106
30.165106
32.315106
34.415106
34.965106
35.515106
36.107949
36.670829
37.267086
39.315106
41.465106
43.065106
45.215106
46.815106
48.415106
48.965106
49.515106
50.065106
50.615106
51.165106
52.765106
53.315106
54.915106
60.015106
60.565106
61.115106
61.665106
63.279906
65.415106
65.965106
66.529906
70.015106
70.565106
71.115106
71.665106
73.265106
74.865106
75.415106
75.965106
77.865106
78.415106
80.565106
82.165106
82.715106
89.416843
89.965106
91.565106
93.715106
95.315106
95.865106
96.415106
96.965106
99.115106
101.279906
101.829906
102.379906
103.965106
104.515106
105.065106
105.615106
106.165106
107.765106
108.315106
113.115106
114.715106
115.265106
115.815106
116.365106
117.965106
118.515106
119.079906
121.215106
121.765106
122.315106
124.465106
126.065106
127.965106
130.115106
132.265106
132.815106
134.429906
136.015106
137.615106
139.765106
142.965106
143.515106
144.065106
145.965106
147.565106
148.115106
149.715106
150.265106
155.365106
156.979906
157.529906
159.415106
161.565106
162.115106
163.715106
164.265106
166.165106
168.315106
168.865106
169.415106
169.965106
170.515106
171.065106
171.615106
172.165106
172.715106
179.665106
181.265106
181.815106
183.715106
185.315106
186.915106
187.465106
188.015106
189.915106
192.065106
194.215106
194.765106
195.315106
195.865106
198.015106
198.565106
199.115106
199.665106
