1.159354
1.709354
2.794554
3.344554
3.894554
4.444554
4.979754
6.914954
7.464954
8.014954
8.564954
9.114954
9.664954
10.214954
10.764954
11.314954
11.864954
12.414954
12.964954
13.514954
14.064954
14.614954
16.214954
16.764954
17.314954
17.864954
18.414954
18.964954
19.514954
20.064954
20.614954
21.164954
21.714954
22.264954
23.864954
24.414954
24.964954
25.514954
27.414954
27.964954
28.514954
29.064954
29.614954
30.164954
30.714954
31.264954
31.814954
32.379754
32.914954
33.464954
34.014954
34.564954
35.114954
35.729525
36.356965
36.961365
37.314954
37.864954
38.414954
38.964954
39.514954
40.064954
40.614954
41.164954
41.714954
42.264954
42.814954
43.364954
43.914954
44.464954
45.014954
45.564954
46.114954
46.679754
47.214954
47.764954
48.598404
48.864954
49.414954
49.964954
50.514954
51.064954
53.214954
53.764954
54.314954
54.864954
55.414954
57.014954
57.564954
58.114954
58.664954
59.214954
59.764954
60.314954
60.864954
61.414954
61.964954
62.514954
63.064954
63.614954
64.164954
64.714954
65.264954
65.814954
66.364954
66.914954
67.464954
68.014954
68.564954
69.114954
69.664954
70.214954
70.764954
71.314954
71.864954
72.414954
72.964954
74.879754
75.429754
75.964954
76.514954
77.064954
77.614954
78.164954
79.764954
80.314954
81.914954
82.464954
83.014954
84.614954
85.164954
85.714954
86.264954
86.814954
87.364954
87.914954
88.464954
89.014954
89.579754
90.129754
90.664954
91.214954
91.764954
92.314954
92.864954
93.414954
95.329754
95.879754
96.429754
96.964954
97.514954
99.664954
100.214954
100.764954
101.314954
101.864954
102.414954
102.964954
103.514954
104.064954
104.614954
105.164954
105.714954
106.264954
106.814954
107.364954
107.914954
108.464954
109.014954
109.564954
110.114954
110.664954
112.829754
113.364954
113.914954
114.464954
115.014954
115.564954
116.114954
116.664954
117.214954
117.764954
118.314954
118.864954
121.014954
121.564954
122.114954
122.664954
124.814954
125.364954
127.514954
129.614954
130.164954
130.714954
131.264954
131.814954
133.414954
136.914954
137.479754
138.014954
138.564954
139.114954
139.664954
140.214954
140.764954
141.314954
142.914954
143.464954
144.014954
144.564954
145.114954
145.664954
146.214954
146.764954
147.314954
147.864954
148.414954
148.964954
149.514954
150.064954
150.614954
152.214954
152.764954
153.314954
153.879754
154.414954
154.964954
155.514954
156.064954
156.614954
157.164954
157.714954
158.264954
158.814954
159.364954
159.914954
160.464954
161.014954
161.564954
162.114954
162.664954
163.214954
163.764954
164.314954
164.864954
165.414954
165.964954
167.564954
168.114954
168.679754
169.229754
169.764954
170.314954
170.864954
171.414954
171.964954
172.514954
173.064954
173.614954
174.164954
174.714954
176.314954
176.864954
177.414954
177.964954
178.514954
179.064954
179.614954
180.164954
181.764954
182.314954
182.864954
183.414954
183.964954
184.514954
185.064954
185.614954
186.164954
186.714954
187.264954
187.814954
188.364954
188.914954
190.814954
191.364954
191.914954
192.464954
194.614954
195.164954
195.714954
196.264954
199.479754
