1.159354
1.709354
2.259354
2.809354
3.344554
3.894554
4.994554
7.114954
7.664954
8.164954
8.714954
9.264954
9.814954
10.364954
10.914954
11.464954
12.014954
12.564954
13.114954
13.664954
14.214954
14.764954
15.314954
15.879754
16.429754
16.979754
17.514954
18.064954
20.014954
21.614954
22.164954
23.764954
24.314954
24.864954
25.414954
25.964954
26.514954
27.064954
27.614954
28.164954
28.714954
29.264954
29.814954
30.364954
30.914954
31.464954
32.014954
32.564954
33.114954
34.714954
35.264954
35.814954
36.364954
36.914954
37.479754
38.014954
38.564954
39.114954
39.664954
40.214954
40.764954
41.314954
41.864954
42.414954
42.964954
43.514954
44.064954
44.614954
45.164954
45.714954
46.264954
46.829754
47.364954
47.914954
48.464954
49.014954
49.564954
50.114954
50.664954
51.214954
51.764954
52.314954
52.864954
53.414954
53.964954
54.514954
55.064954
55.614954
57.764954
58.314954
59.914954
60.464954
61.014954
61.564954
62.114954
62.664954
63.214954
65.114954
65.664954
66.214954
66.764954
67.314954
67.864954
68.429754
68.964954
69.514954
70.064954
70.614954
71.164954
71.714954
72.264954
72.814954
73.364954
73.914954
74.464954
75.014954
76.614954
77.164954
77.714954
78.264954
78.814954
79.364954
79.914954
80.465323
81.014954
81.564954
83.479754
84.029754
84.579754
85.129754
88.864954
89.431491
89.979754
90.514954
91.064954
91.614954
92.164954
92.714954
93.264954
93.814954
94.364954
94.914954
95.464954
96.014954
97.614954
98.164954
98.714954
99.264954
100.864954
101.414954
101.964954
103.864954
104.414954
104.964954
107.114954
107.664954
108.214954
108.764954
109.314954
109.864954
110.414954
110.964954
111.529754
112.064954
112.614954
113.164954
113.714954
114.264954
114.814954
115.364954
115.914954
116.464954
117.014954
117.564954
118.114954
118.664954
119.214954
119.764954
120.314954
122.464954
124.614954
126.764954
127.314954
127.864954
128.414954
128.964954
129.514954
130.064954
132.229754
132.779754
133.329754
133.879754
134.444554
134.979754
135.529754
136.079754
136.629754
137.179754
137.729754
138.279754
140.414954
140.964954
141.514954
142.064954
142.614954
143.164954
143.714954
144.264954
144.814954
145.364954
145.914954
146.464954
147.014954
147.579754
148.129754
148.664954
149.214954
149.764954
150.314954
150.864954
151.414954
151.964954
152.514954
153.064954
153.614954
154.164954
154.714954
155.264954
155.814954
156.364954
156.914954
157.464954
158.014954
158.564954
159.114954
159.664954
160.214954
160.764954
161.314954
161.864954
162.414954
162.964954
163.514954
164.064954
165.664954
166.214954
166.764954
167.314954
167.864954
168.414954
170.314954
172.464954
173.014954
173.564954
174.114954
174.664954
176.264954
176.814954
177.364954
177.914954
178.464954
179.014954
179.564954
180.114954
180.664954
181.214954
181.764954
182.314954
182.864954
183.414954
183.964954
184.514954
185.064954
185.614954
186.164954
186.714954
187.264954
187.814954
188.364954
188.914954
189.464954
190.014954
190.564954
191.114954
191.664954
192.214954
192.764954
193.314954
195.214954
195.764954
196.314954
196.864954
197.414954
197.964954
198.514954
199.064954
199.614954
