1.129754
1.679754
2.229754
2.764954
3.314954
3.864954
4.414954
5.114954
7.264954
7.814954
8.364954
8.929754
9.479754
10.014954
10.564954
11.114954
11.664954
12.214954
12.764954
13.314954
13.864954
14.414954
14.964954
15.514954
16.064954
16.614954
17.164954
17.714954
18.264954
19.864954
21.764954
23.914954
24.464954
25.014954
25.564954
26.114954
26.664954
27.214954
27.764954
28.314954
28.864954
29.414954
29.964954
30.514954
31.064954
31.614954
32.164954
32.714954
34.864954
35.414954
35.964954
36.514954
37.066598
37.614954
38.164954
38.714954
39.264954
39.814954
40.364954
40.914954
41.464954
42.014954
42.564954
43.114954
43.664954
44.214954
44.764954
45.314954
45.864954
46.414954
46.964954
47.514954
48.064954
48.617844
49.164954
49.714954
50.264954
50.814954
51.364954
51.914954
52.464954
53.014954
53.564954
54.114954
54.664954
55.214954
57.364954
57.914954
60.064954
60.614954
61.164954
61.714954
62.264954
62.814954
63.364954
64.964954
65.529754
66.079754
66.629754
67.164954
67.714954
68.264954
68.814954
69.364954
69.914954
70.464954
71.014954
71.564954
72.114954
72.664954
73.214954
73.764954
74.314954
74.864954
76.764954
77.314954
77.864954
78.414954
78.964954
79.514954
80.064954
80.614954
81.164954
81.714954
83.314954
83.864954
84.429754
84.979754
85.529754
87.114954
88.714954
89.264954
89.814954
90.364954
90.914954
91.464954
92.014954
92.564954
93.114954
93.664954
94.214954
94.764954
95.314954
95.864954
97.764954
98.314954
98.864954
101.014954
101.564954
102.114954
103.714954
104.264954
104.814954
105.364954
106.964954
107.514954
108.064954
108.614954
109.164954
109.714954
110.264954
110.814954
111.364954
111.914954
112.464954
113.014954
113.564954
114.114954
114.664954
115.214954
115.764954
116.314954
116.864954
117.414954
117.964954
118.514954
119.064954
119.614954
120.164954
120.714954
122.314954
122.864954
124.464954
125.014954
126.629754
127.179754
127.729754
128.279754
128.829754
129.379754
129.929754
132.064954
132.629754
133.179754
133.729754
134.279754
134.814954
135.364954
135.914954
136.464954
137.014954
137.564954
138.114954
138.664954
140.264954
140.814954
141.364954
141.914954
142.464954
143.014954
143.564954
144.114954
144.664954
145.214954
145.764954
146.314954
146.864954
147.414954
147.964954
148.514954
149.064954
149.614954
150.164954
150.714954
151.264954
151.814954
152.364954
152.914954
153.464954
154.014954
154.564954
155.114954
155.664954
156.214954
156.764954
157.314954
157.864954
158.414954
158.964954
159.529754
160.079754
160.614954
161.164954
161.714954
162.264954
162.814954
163.364954
163.914954
165.814954
166.364954
166.914954
167.464954
168.014954
168.564954
170.164954
170.714954
172.314954
172.864954
173.414954
173.964954
174.514954
176.414954
176.964954
177.514954
178.064954
178.614954
179.164954
179.714954
180.264954
180.814954
181.364954
181.914954
182.464954
183.014954
183.564954
184.114954
184.664954
185.214954
185.764954
186.314954
186.864954
187.414954
187.964954
188.514954
189.064954
189.614954
190.164954
190.714954
191.264954
191.814954
192.364954
192.914954
193.464954
195.064954
195.614954
196.164954
196.714954
197.264954
197.814954
198.364954
198.914954
199.464954
