1.159506
1.815106
3.415106
3.979906
6.109506
6.659506
7.194706
9.315106
14.415106
14.965106
15.515106
19.279906
19.829906
20.379906
20.929906
23.065106
23.615106
25.215106
25.765106
26.315106
26.865106
28.465106
30.079906
30.629906
33.815106
37.315106
37.865106
38.415106
38.965106
41.115106
42.715106
43.265106
43.815106
44.365106
44.915106
48.115106
51.615106
52.165106
52.729906
53.279906
54.865106
55.415106
57.315106
59.465106
60.015106
60.565106
61.115106
61.665106
63.265106
63.815106
65.665106
66.215106
68.365106
68.915106
70.515106
72.665106
74.565106
76.715106
77.265106
77.815106
78.365106
78.915106
79.465106
81.079906
84.565106
85.115106
85.665106
86.215106
87.815106
89.715106
91.865106
93.479906
95.065106
95.615106
96.165106
96.715106
98.329906
98.879906
99.429906
99.979906
100.529906
102.415106
106.165106
106.715106
107.265106
109.415106
109.965106
110.515106
112.115106
112.665106
114.279906
114.829906
116.415106
116.965106
117.515106
118.065106
120.215106
122.115106
122.665106
124.265106
124.815106
125.365106
125.915106
126.465106
127.015106
127.565106
128.115106
128.679906
129.229906
129.779906
130.329906
130.879906
132.765106
133.315106
133.865106
140.815106
141.365106
143.515106
145.665106
146.215106
149.965106
151.565106
152.115106
157.215106
157.765106
159.365106
159.915106
162.065106
164.229906
164.779906
166.365106
166.915106
168.515106
169.065106
170.665106
171.215106
173.365106
174.965106
175.515106
176.065106
176.615106
177.165106
179.079906
179.629906
180.179906
182.315106
182.865106
184.465106
185.015106
185.565106
186.115106
186.665106
188.815106
190.715106
192.865106
195.029906
195.579906
196.115106
197.729906
198.279906
198.829906
199.379906
199.929906
