1.114954
1.664954
2.214954
2.764954
3.314954
3.864954
4.414954
4.964954
5.514954
6.064954
8.314954
8.864954
9.414954
9.964954
10.514954
11.064954
11.614954
12.164954
12.714954
13.264954
13.814954
14.364954
16.464954
17.014954
17.564954
18.114954
18.664954
19.214954
19.764954
20.314954
20.864954
21.414954
21.964954
22.514954
23.064954
23.614954
24.164954
24.714954
25.264954
25.814954
26.364954
26.914954
27.464954
28.014954
28.564954
29.114954
29.664954
30.214954
30.764954
31.314954
31.864954
32.414954
32.964954
33.514954
35.664954
37.281733
37.814954
38.364954
38.914954
39.464954
40.014954
40.564954
41.114954
41.664954
42.214954
42.764954
43.314954
43.864954
44.414954
44.964954
45.514954
46.064954
46.614954
47.164954
47.714954
48.264954
48.814954
50.414954
50.964954
53.114954
53.664954
54.214954
54.764954
55.314954
55.864954
56.414954
56.964954
57.514954
58.064954
58.614954
59.164954
59.714954
60.264954
60.814954
62.714954
63.264954
63.814954
64.364954
66.514954
67.064954
67.614954
68.164954
68.714954
69.264954
69.814954
70.364954
70.914954
71.464954
72.014954
72.564954
73.114954
73.664954
74.214954
74.764954
75.314954
75.864954
76.414954
76.964954
77.514954
79.664954
81.264954
81.814954
82.366283
82.916283
83.464954
84.014954
84.564954
85.114954
85.664954
86.214954
86.764954
87.314954
87.864954
88.414954
90.314954
90.864954
91.414954
91.964954
92.514954
93.064954
93.614954
94.164954
94.714954
95.264954
95.814954
96.364954
98.514954
99.064954
99.614954
100.164954
100.714954
101.264954
101.814954
102.364954
102.914954
103.464954
104.026317
104.564954
105.126317
105.664954
106.214954
106.764954
107.314954
107.864954
108.414954
108.964954
109.514954
110.064954
111.664954
112.214954
112.764954
113.314954
113.864954
114.414954
114.964954
115.514954
116.064954
116.614954
117.164954
119.064954
119.614954
120.164954
120.714954
121.264954
121.814954
122.364954
122.914954
124.514954
125.064954
125.614954
126.164954
126.714954
127.264954
127.814954
128.364954
128.914954
129.464954
130.014954
130.564954
131.114954
131.664954
132.214954
132.764954
133.314954
133.864954
134.414954
134.964954
135.514954
136.064954
136.614954
137.164954
137.714954
141.214954
143.364954
143.914954
144.464954
145.014954
147.164954
148.764954
149.314954
149.864954
151.464954
152.014954
152.564954
153.114954
153.664954
154.214954
154.764954
155.314954
155.864954
156.414954
156.964954
157.514954
158.064954
158.614954
159.164954
159.714954
160.264954
162.164954
162.714954
163.264954
163.814954
164.364954
164.914954
165.464954
166.014954
166.564954
167.114954
167.664954
168.214954
168.764954
169.314954
169.864954
170.414954
170.964954
171.514954
172.064954
172.614954
173.164954
173.714954
174.264954
174.814954
175.364954
175.914954
176.464954
177.014954
177.564954
178.114954
178.664954
179.214954
179.764954
180.314954
180.864954
181.414954
183.014954
183.564954
184.114954
184.664954
185.214954
185.764954
186.314954
186.864954
187.414954
187.964954
188.514954
189.064954
189.614954
190.164954
190.714954
191.264954
191.814954
192.364954
192.914954
194.514954
195.064954
195.614954
196.164954
196.714954
197.264954
197.814954
198.364954
199.964954
