1.144554
1.694554
3.964954
5.544554
6.094554
6.644554
7.179754
7.729754
8.279754
8.829754
9.379754
11.264954
13.414954
13.964954
14.514954
15.064954
15.614954
16.164954
17.764954
18.314954
18.864954
19.414954
19.964954
20.514954
21.064954
21.614954
22.164954
22.714954
23.264954
23.814954
24.364954
26.264954
27.879754
28.429754
28.979754
30.864954
33.014954
33.564954
34.114954
34.664954
35.214954
35.764954
36.314954
36.864954
37.429754
37.979754
38.529754
39.079754
39.629754
40.179754
40.729754
41.279754
41.829754
42.379754
42.929754
43.480123
44.030123
44.579754
45.138797
45.679754
46.229754
46.779754
47.329754
47.879754
48.429754
48.979754
49.514954
50.064954
51.664954
52.214954
53.829754
54.379754
54.929754
55.479754
57.614954
58.164954
58.714954
59.264954
59.814954
60.364954
61.964954
63.564954
64.114954
64.664954
66.264954
66.814954
67.364954
67.914954
68.464954
69.014954
69.564954
70.114954
70.664954
71.214954
71.764954
72.314954
72.864954
74.465323
75.014954
75.564954
76.114954
76.664954
77.214954
77.764954
78.314954
78.864954
79.414954
79.964954
80.514954
81.064954
81.614954
82.164954
82.714954
83.264954
83.814954
84.364954
84.914954
85.464954
86.014954
86.564954
87.114954
89.014954
89.564954
90.114954
90.664954
91.214954
91.764954
92.314954
92.864954
93.414954
93.964954
95.564954
96.114954
96.664954
97.214954
97.764954
98.314954
98.864954
99.414954
99.964954
100.514954
101.064954
101.614954
102.164954
102.714954
103.264954
103.814954
104.364954
104.914954
105.464954
106.014954
106.564954
107.114954
107.664954
108.214954
108.764954
109.314954
109.864954
110.414954
110.964954
111.514954
112.064954
112.614954
113.164954
113.714954
114.264954
116.164954
116.714954
117.264954
117.814954
118.364954
118.929754
119.479754
120.029754
120.579754
121.129754
121.679754
123.264954
123.814954
124.364954
124.914954
125.464954
126.014954
126.564954
127.114954
128.664954
129.214954
129.764954
130.314954
130.864954
131.414954
131.964954
132.514954
134.114954
134.664954
135.214954
135.764954
136.314954
136.864954
137.414954
137.964954
138.514954
140.114954
140.664954
141.214954
141.764954
142.314954
142.864954
143.414954
143.964954
144.514954
145.064954
145.614954
147.214954
147.764954
149.664954
150.214954
150.764954
151.314954
151.864954
152.414954
152.964954
153.514954
154.064954
154.614954
155.164954
156.764954
157.314954
157.864954
158.414954
158.964954
159.514954
160.064954
160.614954
161.164954
162.764954
163.314954
163.864954
164.414954
164.964954
165.514954
166.064954
166.614954
167.164954
167.714954
168.264954
168.814954
169.364954
169.914954
170.464954
171.014954
171.564954
172.114954
172.664954
173.214954
173.764954
174.314954
174.864954
175.414954
175.964954
176.514954
177.064954
177.614954
178.164954
178.714954
180.314954
180.864954
181.414954
183.014954
183.564954
184.114954
184.664954
185.214954
185.764954
186.314954
186.864954
187.414954
189.014954
189.564954
190.114954
190.664954
191.214954
192.814954
193.364954
193.914954
194.464954
195.014954
195.564954
197.164954
197.714954
198.264954
198.814954
199.364954
199.914954
