1.159354
1.709354
2.259354
2.914954
3.464954
4.014954
4.564954
5.114954
6.775700
7.264954
7.814954
8.364954
8.914954
9.464954
10.014954
10.564954
11.129754
11.679754
12.214954
12.764954
13.314954
13.864954
14.414954
16.364954
16.914954
17.464954
18.014954
18.564954
19.114954
19.664954
20.214954
20.764954
21.314954
21.864954
24.014954
24.564954
25.114954
25.664954
27.264954
27.814954
28.364954
28.914954
29.464954
30.029754
30.579754
31.114954
31.664954
32.214954
32.764954
33.314954
33.864954
34.414954
34.964954
35.525573
36.064954
36.614954
37.164954
37.714954
38.264954
38.814954
39.364954
39.914954
40.464954
41.014954
41.564954
42.114954
42.664954
43.229754
43.764954
44.314954
44.864954
45.414954
45.964954
46.514954
47.064954
47.614954
48.164954
48.714954
49.264954
49.814954
50.364954
50.914954
51.464954
53.064954
53.614954
54.164954
54.714954
55.264954
57.164954
57.714954
58.279754
58.814954
59.364954
59.914954
60.464954
61.014954
61.564954
62.129754
62.664954
63.214954
63.764954
64.314954
64.864954
65.414954
65.964954
66.514954
67.064954
67.614954
68.164954
68.714954
69.264954
69.814954
70.364954
70.914954
71.464954
72.014954
72.564954
73.114954
74.714954
75.264954
75.814954
76.364954
76.914954
77.464954
78.014954
79.914954
82.064954
82.614954
84.764954
85.314954
85.864954
86.414954
86.964954
87.514954
88.064954
88.614954
89.164954
89.714954
90.264954
90.814954
91.364954
91.914954
92.464954
93.014954
93.564954
95.164954
95.729754
96.279754
96.829754
97.379754
97.929754
99.514954
100.064954
100.614954
101.164954
101.714954
102.264954
102.814954
103.364954
103.914954
104.464954
105.014954
105.564954
106.114954
106.664954
107.214954
107.764954
108.314954
108.864954
109.414954
109.964954
110.514954
111.064954
112.664954
113.214954
113.764954
114.314954
114.879754
115.429754
115.979754
116.529754
117.064954
117.614954
118.164954
118.714954
119.264954
120.864954
121.414954
121.964954
122.514954
123.064954
124.664954
125.214954
125.764954
127.364954
127.914954
129.464954
130.014954
130.564954
131.114954
131.664954
133.564954
135.164954
136.764954
137.314954
137.864954
138.414954
138.964954
139.514954
140.064954
140.614954
141.164954
143.064954
143.614954
144.164954
144.714954
145.264954
145.829754
146.379754
146.914954
147.464954
148.014954
148.564954
149.114954
149.664954
150.214954
152.364954
152.914954
153.464954
154.014954
154.564954
155.114954
155.664954
156.214954
156.764954
157.314954
157.864954
158.414954
158.964954
159.514954
160.064954
160.614954
161.164954
161.714954
162.264954
162.814954
163.364954
163.914954
164.464954
165.014954
165.564954
167.714954
168.264954
168.814954
169.364954
169.914954
170.464954
171.014954
171.564954
172.114954
172.664954
173.214954
173.764954
174.314954
176.464954
177.014954
177.564954
178.114954
178.664954
179.214954
179.764954
181.914954
182.464954
183.014954
183.579754
184.129754
184.664954
185.214954
185.764954
186.314954
186.864954
187.414954
187.964954
188.514954
189.064954
190.664954
191.214954
191.764954
192.314954
192.864954
194.464954
195.014954
195.564954
196.114954
199.614954
