1.665106
3.565106
5.715106
6.265106
6.815106
8.915106
9.465106
11.065106
12.665106
14.265106
14.815106
15.365106
15.915106
17.515106
19.115106
19.665106
20.215106
20.765106
21.315106
23.465106
25.365106
25.915106
26.467849
30.215106
33.965106
35.714877
37.165106
37.715106
38.265106
38.815106
39.365106
42.865106
43.415106
43.965106
44.515106
48.265106
51.465106
52.015106
52.565106
53.115106
55.015106
55.565106
57.165106
57.715106
59.315106
59.865106
60.415106
60.965106
61.515106
63.415106
63.965106
65.515106
66.065106
66.615106
68.215106
68.765106
72.265106
72.815106
74.415106
74.965106
77.115106
77.665106
78.215106
78.765106
79.315106
81.215106
82.815106
84.965106
85.515106
86.065106
87.965106
89.565106
90.115106
95.215106
95.765106
96.315106
98.465106
99.015106
99.565133
100.115133
100.665133
102.265106
102.815106
104.415106
106.565106
107.115106
109.265106
109.815106
110.365106
112.265106
114.415106
116.565106
117.115106
117.665106
119.815106
120.365106
121.965106
122.515106
124.415106
124.965106
125.515106
126.065106
126.615106
127.165106
127.715106
128.265106
128.815106
129.365106
129.915106
130.465106
131.015106
132.615106
133.165106
133.715106
134.265106
135.865106
137.465106
139.065106
141.215106
141.765106
143.365106
143.915106
146.065106
146.615106
149.815106
151.715106
153.865106
155.465106
157.615106
159.515106
160.065106
163.815106
164.365106
166.515106
168.665106
170.815106
172.965106
175.115106
175.665106
176.215106
176.765106
177.315106
178.915106
179.465106
180.015106
182.165106
182.715106
184.615106
185.165106
185.715106
186.265106
188.415106
188.965106
190.565106
191.115106
192.715106
193.265106
194.865106
195.415106
195.965106
197.865106
198.415106
198.965106
199.515106
