1.114954
1.664954
2.214954
3.814954
5.664954
6.214954
6.790500
7.314954
7.864954
8.414954
8.964954
9.514954
11.114954
11.664954
13.264954
13.814954
14.364954
14.914954
15.464954
16.014954
17.914954
18.464954
19.014954
19.564954
20.114954
20.664954
21.214954
21.764954
22.314954
22.864954
23.414954
23.964954
24.514954
26.114954
28.014954
28.564954
29.114954
30.714954
31.264954
32.864954
33.414954
33.964954
34.514954
35.064954
35.614954
36.164954
36.714954
37.290069
37.814954
38.364954
38.914954
39.464954
40.014954
40.564954
41.114954
41.664954
42.231477
42.764954
43.314954
43.864954
44.414954
44.964954
45.514954
46.064954
46.614954
47.164954
47.714954
48.264954
48.814954
49.364954
49.914954
51.814954
53.964954
54.514954
55.064954
57.214954
57.764954
58.314954
58.864954
59.414954
59.964954
63.714954
64.264954
66.414954
66.964954
67.514954
68.064954
68.614954
69.164954
69.714954
70.264954
70.814954
71.364954
71.914954
72.464954
74.614954
75.164954
75.714954
76.264954
76.814954
77.364954
77.914954
78.464954
79.014954
79.564954
80.114954
80.664954
81.214954
81.764954
82.314954
82.864954
83.414954
83.964954
84.514954
85.064954
85.614954
86.164954
86.714954
87.264954
88.864954
89.414954
89.964954
90.514954
91.064954
91.614954
92.164954
92.714954
93.264954
93.814954
95.714954
96.264954
96.814954
97.364954
97.914954
98.464954
99.014954
99.617637
100.236837
100.772997
101.322997
101.914517
102.314954
102.864954
103.414954
103.964954
104.514954
105.064954
105.614954
106.164954
106.714954
107.264954
107.814954
108.364954
108.914954
109.464954
110.014954
110.564954
111.114954
111.664954
112.214954
112.764954
113.314954
113.864954
114.414954
116.014954
116.564954
117.114954
117.664954
118.214954
118.764954
119.314954
119.864954
120.414954
120.964954
121.514954
123.414954
123.964954
124.514954
125.064954
125.614954
126.164954
126.714954
128.814954
129.364954
129.914954
130.464954
131.014954
131.564954
132.114954
134.264954
134.814954
135.364954
135.914954
136.464954
137.014954
137.564954
138.114954
140.264954
140.814954
141.364954
141.914954
142.464954
143.014954
143.564954
144.114954
144.664954
145.214954
147.364954
147.914954
149.514954
150.064954
150.614954
151.164954
151.714954
152.264954
152.814954
153.364954
153.914954
154.464954
155.014954
156.914954
157.464954
158.014954
158.564954
159.114954
159.664954
160.214954
160.764954
162.914954
163.464954
164.014954
164.564954
165.114954
165.664954
166.214954
166.764954
167.314954
167.864954
168.414954
168.964954
169.514954
170.064954
170.614954
171.164954
171.714954
172.264954
172.814954
173.364954
173.914954
174.464954
175.014954
175.564954
176.114954
176.664954
177.214954
177.764954
178.314954
180.464954
181.014954
183.164954
183.714954
184.264954
184.814954
185.364954
185.914954
186.464954
187.014954
189.164954
189.714954
190.264954
190.814954
192.964954
193.514954
194.064954
194.614954
195.164954
197.314954
197.864954
198.414954
198.964954
199.514954
