0.000000
0.000000
0.000000
0.000000
0.000000
0.000000
0.000000
0.000000
0.000000
0.000000
0.000000
0.000000
0.000000
0.000000
0.000000
0.000000
0.000000
0.000000
0.000000
0.000000
0.000000
0.000000
0.000000
0.000000
0.000000
0.000000
0.000000
0.000000
0.000000
0.000000
0.000000
0.000000
0.000000
0.000000
0.000000
0.000000
0.000000
0.000000
0.000000
0.000000
0.000000
0.000000
0.000000
0.000000
0.000000
0.000000
0.000000
0.000000
0.000000
0.000000
0.000000
0.000000
0.000000
52.219643
0.000000
44.126771
44.369842
53.219643
53.219643
53.219643
53.834443
0.000000
54.319643
54.384443
0.000000
55.484443
0.000000
57.019643
57.019643
0.000000
57.569643
57.619643
57.619643
0.000000
58.119643
58.169643
0.000000
59.219643
59.269643
60.019842
60.019842
0.000000
60.019842
60.019842
60.019842
60.319643
60.369643
0.000000
61.119842
61.119842
61.119842
61.119842
61.419643
61.669842
61.669842
61.969643
0.000000
0.000000
0.000000
0.000000
0.000000
0.000000
0.000000
0.000000
0.000000
0.000000
0.000000
0.000000
0.000000
0.000000
0.000000
0.000000
0.000000
0.000000
0.000000
0.000000
0.000000
82.174330
82.334642
82.519643
0.000000
0.000000
0.000000
0.000000
0.000000
0.000000
0.000000
0.000000
0.000000
0.000000
92.319643
92.324283
0.000000
93.419643
93.424283
93.719842
0.000000
0.000000
95.319842
95.334443
95.319842
95.334443
95.569643
95.569643
0.000000
96.119643
96.434443
0.000000
97.219643
97.519643
97.384443
97.219643
0.000000
98.319643
0.000000
99.119842
99.119842
99.419643
99.669643
97.934443
97.219643
99.669643
99.669643
99.519643
98.319643
99.519643
99.119842
99.119842
99.419643
100.241371
100.069643
97.219643
100.241371
100.241371
100.069643
100.069643
99.119842
99.419643
99.119842
98.319643
100.619643
97.219643
100.777531
100.777531
100.619643
100.619643
99.119842
101.327579
100.619643
101.327579
99.419643
101.332171
101.327579
101.169643
97.219643
101.332171
101.332171
101.169643
99.119842
99.119842
101.719643
99.419643
101.923691
101.327579
101.719643
97.219643
101.923691
101.923691
101.719643
99.119842
105.069842
105.069842
105.069842
