0.000000
0.000000
0.000000
0.000000
0.000000
0.000000
0.000000
0.000000
0.000000
0.000000
0.000000
0.000000
0.000000
0.000000
0.000000
0.000000
0.000000
0.000000
0.000000
0.000000
0.000000
0.000000
0.000000
0.000000
0.000000
0.000000
0.000000
0.000000
27.219643
27.319643
27.324330
27.319643
27.319643
27.519549
27.874330
0.000000
28.319643
28.419643
28.619575
0.000000
29.169593
29.419643
29.519643
30.019842
30.019842
0.000000
30.269644
30.519643
30.619643
0.000000
31.169643
31.369715
31.619643
0.000000
32.119842
32.119842
32.169643
32.269643
32.669842
32.669842
32.669842
32.569643
32.719643
32.269643
0.000000
33.369643
0.000000
34.269842
34.269842
34.869643
32.669842
32.669842
32.669842
33.119643
34.869643
32.269643
33.269832
34.869643
33.369643
34.269842
34.269842
0.000000
35.469099
33.119643
35.469099
34.719643
35.473691
35.473691
35.522048
32.669842
35.522048
32.669842
35.269643
35.473691
33.269832
35.473691
33.369643
34.269842
35.269643
0.000000
36.088299
32.269643
35.469099
35.819643
35.469099
35.819643
36.092891
36.092891
35.522048
32.669842
35.522048
32.669842
35.819643
36.092891
33.269832
36.092891
33.369643
34.269842
35.819643
36.651179
36.655771
36.655771
36.369643
36.088299
35.469099
36.369643
35.469099
36.369643
36.655771
32.669842
35.522048
32.669842
36.369643
33.269832
36.655771
33.369643
34.269842
36.369643
0.000000
37.569842
0.000000
0.000000
0.000000
0.000000
0.000000
0.000000
0.000000
0.000000
0.000000
0.000000
0.000000
0.000000
0.000000
0.000000
0.000000
0.000000
0.000000
0.000000
0.000000
0.000000
0.000000
0.000000
0.000000
0.000000
0.000000
0.000000
0.000000
0.000000
0.000000
0.000000
67.169643
67.469643
0.000000
68.269643
0.000000
69.119643
69.119643
69.369643
69.869842
69.869842
0.000000
70.219643
70.469643
70.969842
70.969842
0.000000
71.319643
71.569643
0.000000
0.000000
0.000000
0.000000
0.000000
0.000000
77.319643
77.319643
77.369643
77.869643
0.000000
78.269842
78.419643
78.819842
0.000000
79.519643
79.524283
79.519643
0.000000
80.419842
80.619643
0.000000
81.169643
81.419643
81.419643
0.000000
82.334642
82.334642
82.334642
82.519643
82.884642
82.519643
0.000000
83.319643
83.319643
0.000000
84.169643
84.169643
84.434443
0.000000
85.819643
0.000000
86.369643
0.000000
87.119643
87.119643
87.119643
87.469643
0.000000
88.569643
88.719643
0.000000
89.269643
89.274330
89.274330
89.274330
89.274330
89.274330
89.274330
89.274330
82.174330
89.824330
0.000000
90.169643
90.169643
90.919643
0.000000
91.269643
91.469643
0.000000
0.000000
0.000000
0.000000
0.000000
0.000000
0.000000
0.000000
