0.000000
0.000000
0.000000
0.000000
0.000000
0.000000
0.000000
0.000000
0.000000
0.000000
0.000000
0.000000
0.000000
0.000000
0.000000
0.000000
0.000000
0.000000
0.000000
0.000000
0.000000
0.000000
0.000000
0.000000
0.000000
0.000000
0.000000
0.000000
0.000000
0.000000
0.000000
0.000000
0.000000
0.000000
0.000000
0.000000
0.000000
0.000000
0.000000
0.000000
0.000000
0.000000
0.000000
0.000000
43.419842
42.119643
42.119643
42.119643
42.419643
42.669643
43.419842
43.234443
43.969842
42.119643
42.669643
42.719842
43.819842
42.119643
42.119643
0.000000
42.419643
43.562931
42.419643
43.234443
44.319643
42.119643
42.669643
42.119643
42.119643
0.000000
0.000000
0.000000
47.169643
47.174283
0.000000
48.269643
48.274283
48.278970
42.419643
43.234443
42.119643
48.278970
42.119643
44.919842
44.919842
43.562931
44.319643
42.669643
48.278970
45.169643
45.419643
48.278970
46.269643
46.519643
0.000000
49.369643
0.000000
50.419643
50.419643
0.000000
51.469842
44.369842
51.469842
51.469842
51.469842
51.469842
51.819643
51.819643
0.000000
0.000000
0.000000
0.000000
0.000000
0.000000
0.000000
0.000000
0.000000
0.000000
0.000000
62.719643
62.719643
62.719643
0.000000
63.269643
63.719643
63.719643
63.969842
0.000000
64.269643
64.369643
0.000000
65.519842
65.519842
66.069842
0.000000
66.419643
66.419643
66.519643
66.519643
66.619842
0.000000
0.000000
0.000000
0.000000
0.000000
0.000000
72.269842
72.469643
72.469643
72.569643
0.000000
73.119643
0.000000
74.219643
74.419842
74.619643
74.619643
74.969842
0.000000
75.319643
75.719643
0.000000
76.269643
76.419643
0.000000
0.000000
0.000000
0.000000
0.000000
0.000000
0.000000
0.000000
0.000000
0.000000
0.000000
0.000000
0.000000
0.000000
0.000000
0.000000
0.000000
0.000000
0.000000
0.000000
0.000000
0.000000
0.000000
