0.000000
0.000000
0.000000
0.000000
0.000000
0.000000
0.000000
0.000000
0.000000
0.000000
0.000000
0.000000
0.000000
0.000000
0.000000
0.000000
0.000000
0.000000
0.000000
0.000000
0.000000
0.000000
0.000000
0.000000
0.000000
0.000000
0.000000
0.000000
0.000000
0.000000
0.000000
0.000000
0.000000
32.569643
32.119842
32.119842
32.169643
32.269643
0.000000
32.669842
32.669842
32.669842
33.119643
32.719643
32.269643
33.119643
33.269832
0.000000
33.369643
34.719643
34.269842
34.269842
0.000000
34.869643
32.669842
32.669842
32.669842
35.269643
34.869643
32.269643
33.269832
34.869643
33.369643
34.269842
34.269842
35.269643
32.269643
35.469099
35.819643
35.469099
35.819643
35.473691
35.473691
35.522048
32.669842
35.522048
32.669842
35.819643
35.473691
33.269832
35.473691
33.369643
34.269842
35.819643
0.000000
36.369643
36.088299
32.269643
35.469099
36.369643
35.469099
36.369643
36.092891
32.669842
35.522048
32.669842
36.369643
33.269832
36.092891
33.369643
34.269842
36.369643
32.269643
36.655771
36.655771
36.965899
36.088299
35.469099
36.965899
35.469099
0.000000
36.965899
36.655771
32.669842
35.522048
32.669842
36.965899
33.269832
36.655771
33.369643
34.269842
36.965899
37.319842
36.651179
37.484443
37.569842
0.000000
38.419842
38.419842
38.569643
0.000000
39.119643
0.000000
40.219643
0.000000
41.119842
41.119842
41.119842
41.319643
0.000000
42.119643
42.119643
42.119643
42.119643
42.419643
42.669643
42.719842
0.000000
43.234443
43.562931
43.819842
42.119643
42.119643
42.419643
43.234443
0.000000
44.126771
44.319643
42.119643
42.669643
42.119643
42.119643
44.369842
43.969842
42.119643
44.919842
44.919842
43.562931
44.319643
42.669643
0.000000
45.169643
45.419643
0.000000
46.269643
46.519643
0.000000
0.000000
0.000000
0.000000
0.000000
0.000000
0.000000
0.000000
0.000000
0.000000
0.000000
0.000000
0.000000
0.000000
0.000000
0.000000
0.000000
0.000000
0.000000
0.000000
0.000000
0.000000
0.000000
0.000000
0.000000
0.000000
0.000000
0.000000
0.000000
0.000000
0.000000
0.000000
0.000000
0.000000
0.000000
0.000000
0.000000
0.000000
0.000000
0.000000
0.000000
0.000000
0.000000
0.000000
0.000000
0.000000
0.000000
0.000000
0.000000
0.000000
0.000000
97.384443
97.219643
97.519643
97.934443
97.219643
0.000000
0.000000
99.519643
98.319643
99.519643
99.119842
99.119842
99.419643
99.669643
100.069643
97.219643
99.669643
99.669643
100.069643
98.319643
100.069643
99.119842
99.119842
99.419643
98.319643
100.241371
100.619643
97.219643
100.241371
100.241371
100.619643
100.619643
99.119842
99.419643
100.241371
99.119842
98.319643
101.169643
97.219643
100.777531
100.777531
101.169643
99.119842
98.319643
101.719643
99.419643
101.332171
101.327579
101.719643
97.219643
101.332171
101.332171
101.719643
99.119842
