0.000000
0.000000
0.000000
0.000000
0.000000
0.000000
0.000000
0.000000
0.000000
0.000000
0.000000
0.000000
0.000000
0.000000
0.000000
0.000000
0.000000
0.000000
0.000000
0.000000
0.000000
0.000000
0.000000
0.000000
0.000000
0.000000
0.000000
0.000000
0.000000
0.000000
0.000000
0.000000
0.000000
0.000000
0.000000
0.000000
0.000000
0.000000
0.000000
0.000000
0.000000
0.000000
0.000000
0.000000
43.433969
43.447809
43.475489
43.489329
43.503169
43.517009
43.544689
43.558529
43.983969
43.997809
44.011649
44.025489
44.067009
44.080849
44.094689
0.000000
44.108529
44.550225
44.577905
44.591745
44.633265
44.647105
44.660945
44.674785
44.688625
0.000000
0.000000
0.000000
47.183627
47.188267
0.000000
48.283627
48.288267
48.293097
48.306937
48.320777
48.362297
48.389977
48.403817
48.417657
48.431497
48.445337
48.459177
48.473017
48.486857
48.500697
48.514537
48.528377
48.542217
48.556057
0.000000
49.383627
0.000000
50.433627
50.447467
0.000000
51.511649
51.553169
51.580849
51.594689
51.622369
51.636209
51.833627
51.847467
0.000000
0.000000
0.000000
0.000000
0.000000
0.000000
0.000000
0.000000
0.000000
0.000000
0.000000
62.733627
62.747467
62.761307
0.000000
63.293584
63.733627
63.747467
63.997809
0.000000
64.283627
64.383627
0.000000
65.557567
65.571407
66.093727
0.000000
66.433627
66.447467
66.543584
66.557424
66.643727
0.000000
0.000000
0.000000
0.000000
0.000000
0.000000
72.283969
72.483627
72.497467
72.583627
0.000000
73.133627
0.000000
74.233627
74.447809
74.633627
74.647467
74.983969
0.000000
75.333627
75.733627
0.000000
76.283627
76.433627
0.000000
0.000000
0.000000
0.000000
0.000000
0.000000
0.000000
0.000000
0.000000
0.000000
0.000000
0.000000
0.000000
0.000000
0.000000
0.000000
0.000000
0.000000
0.000000
0.000000
0.000000
0.000000
0.000000
