0.000000
0.000000
0.000000
0.000000
0.000000
0.000000
0.000000
0.000000
0.000000
0.000000
0.000000
0.000000
0.000000
0.000000
0.000000
0.000000
0.000000
0.000000
0.000000
0.000000
0.000000
0.000000
0.000000
0.000000
0.000000
0.000000
0.000000
0.000000
0.000000
0.000000
0.000000
0.000000
0.000000
0.000000
0.000000
0.000000
0.000000
0.000000
0.000000
0.000000
0.000000
0.000000
0.000000
0.000000
0.000000
0.000000
0.000000
0.000000
0.000000
0.000000
0.000000
0.000000
0.000000
52.233627
0.000000
53.233627
53.247467
53.261307
53.275147
53.288987
53.848427
0.000000
54.333627
54.398427
0.000000
55.498427
0.000000
57.033627
57.047467
0.000000
57.583627
57.633627
57.647467
0.000000
58.133627
58.183627
0.000000
59.233627
59.283627
60.047809
60.075489
0.000000
60.117009
60.130849
60.144689
60.333627
60.383627
0.000000
61.133969
61.175489
61.217009
61.230849
61.433627
61.683969
61.697809
61.983627
0.000000
0.000000
0.000000
0.000000
0.000000
0.000000
0.000000
0.000000
0.000000
0.000000
0.000000
0.000000
0.000000
0.000000
0.000000
0.000000
0.000000
0.000000
0.000000
0.000000
0.000000
82.188457
82.766137
82.793817
0.000000
0.000000
0.000000
0.000000
0.000000
0.000000
0.000000
0.000000
0.000000
0.000000
92.333627
92.338267
0.000000
93.433627
93.438267
93.747809
0.000000
0.000000
95.347809
95.348427
95.361649
95.362267
95.583627
95.597467
0.000000
96.133627
96.448427
0.000000
97.233627
97.533627
97.547467
97.561307
0.000000
98.343584
0.000000
99.133969
99.175489
99.443584
99.683627
99.697467
99.711307
99.725147
99.738987
99.752827
99.766667
99.780507
99.794347
99.808187
99.822027
100.255355
100.269195
100.283035
100.296875
100.310715
100.324555
100.352235
100.379915
100.393755
100.791515
100.805355
100.833035
100.846875
100.860715
100.874555
100.888395
100.902235
100.916075
101.341705
101.346155
101.355545
101.359995
101.373835
101.383225
101.415355
101.429195
101.443035
101.456875
101.470715
101.484555
101.937675
101.965355
101.979195
101.993035
102.006875
102.020715
102.034555
102.048395
102.062235
102.076075
102.089915
105.083969
105.097809
105.111649
