0.000000
0.000000
0.000000
0.000000
0.000000
0.000000
0.000000
0.000000
0.000000
0.000000
0.000000
0.000000
0.000000
0.000000
0.000000
0.000000
0.000000
0.000000
0.000000
0.000000
0.000000
0.000000
0.000000
0.000000
0.000000
0.000000
0.000000
0.000000
0.000000
0.000000
0.000000
0.000000
0.000000
32.583627
32.597467
32.611307
32.625147
32.638987
0.000000
33.133627
33.147467
33.161307
33.175147
33.188987
33.202827
33.216667
33.283951
0.000000
34.747467
34.761307
34.775147
34.788987
0.000000
35.283627
35.297467
35.311307
35.325147
35.338987
35.352827
35.366667
35.380507
35.394347
35.408187
35.422027
35.435867
35.449707
35.833627
35.847467
35.861307
35.875147
35.888987
35.902827
35.916667
35.930507
35.944347
35.958187
35.972027
35.985867
35.999707
36.013547
36.027387
36.041227
36.055067
36.068907
0.000000
36.383627
36.397467
36.411307
36.425147
36.438987
36.452827
36.466667
36.494347
36.522027
36.535867
36.549707
36.563547
36.591227
36.605067
36.618907
36.632747
36.646587
36.979883
37.007563
37.021403
37.035243
37.049083
37.062923
37.076763
37.090603
0.000000
37.104443
37.118283
37.132123
37.145963
37.159803
37.173643
37.187483
37.201323
37.215163
37.229003
37.242843
37.347809
37.498427
37.512267
38.047467
0.000000
38.433969
38.461649
38.583627
0.000000
39.133627
0.000000
40.233627
0.000000
41.138361
41.152201
41.166041
41.333627
0.000000
42.161307
42.175147
42.188987
42.216667
42.433627
42.683627
42.733969
0.000000
43.248427
43.576915
43.833969
43.875489
43.889329
43.903169
43.944689
0.000000
44.140755
44.333627
44.383969
44.425489
44.467009
44.480849
44.494689
44.933969
44.947809
44.961649
44.975489
45.003169
45.044689
45.072369
0.000000
45.183627
45.433627
0.000000
46.283627
46.533627
0.000000
0.000000
0.000000
0.000000
0.000000
0.000000
0.000000
0.000000
0.000000
0.000000
0.000000
0.000000
0.000000
0.000000
0.000000
0.000000
0.000000
0.000000
0.000000
0.000000
0.000000
0.000000
0.000000
0.000000
0.000000
0.000000
0.000000
0.000000
0.000000
0.000000
0.000000
0.000000
0.000000
0.000000
0.000000
0.000000
0.000000
0.000000
0.000000
0.000000
0.000000
0.000000
0.000000
0.000000
0.000000
0.000000
0.000000
0.000000
0.000000
0.000000
0.000000
97.398427
97.412267
97.948427
97.962267
97.976107
0.000000
0.000000
99.533627
99.547467
99.561307
99.575147
99.588987
99.602827
100.083627
100.097467
100.111307
100.125147
100.138987
100.152827
100.166667
100.180507
100.194347
100.208187
100.222027
100.633627
100.647467
100.661307
100.675147
100.688987
100.702827
100.716667
100.730507
100.744347
100.758187
101.183627
101.197467
101.211307
101.225147
101.238987
101.252827
101.266667
101.294347
101.308187
101.733627
101.761307
101.788987
101.802827
101.816667
101.830507
101.844347
101.858187
101.872027
101.885867
101.899707
