0.000000
0.000000
0.000000
0.000000
0.000000
0.000000
0.000000
6.663866
6.668506
6.673146
6.663866
6.677786
6.668506
6.673146
6.663866
6.677786
6.668506
6.673146
6.663866
6.677786
6.668506
6.673146
6.663866
6.677786
6.668506
6.673146
6.663866
6.677786
6.668506
6.673146
6.663866
6.677786
6.668506
6.673146
6.677786
0.000000
7.213866
7.218506
7.223146
7.227786
0.000000
8.313866
8.318506
8.323146
8.327786
0.000000
9.413866
9.418506
9.423146
9.427786
0.000000
10.513866
10.518506
10.523146
10.527786
0.000000
11.613866
11.618506
11.623146
11.627786
0.000000
12.163866
12.168506
12.173146
12.177786
0.000000
13.263866
13.268506
13.273146
13.277786
0.000000
14.363866
14.368506
14.373146
14.377786
0.000000
15.463866
15.468506
15.473146
15.477786
0.000000
16.563866
16.568506
16.573146
16.577786
0.000000
17.113866
17.118506
17.123146
17.127786
0.000000
18.213866
18.218506
18.223146
18.227786
0.000000
19.313866
19.318506
19.323146
19.327786
0.000000
20.413864
20.418504
20.423148
20.427788
0.000000
21.513861
21.518501
21.523155
21.527795
0.000000
22.613860
22.618500
22.623167
0.000000
23.149060
23.153700
23.713023
23.708383
23.713023
0.000000
24.249060
24.253700
24.263032
24.258392
0.000000
25.349060
25.358409
25.353700
0.000000
26.434262
26.438902
0.000000
0.000000
0.000000
0.000000
0.000000
0.000000
0.000000
0.000000
0.000000
0.000000
0.000000
0.000000
0.000000
0.000000
0.000000
0.000000
0.000000
0.000000
0.000000
0.000000
0.000000
0.000000
0.000000
0.000000
0.000000
0.000000
0.000000
0.000000
0.000000
0.000000
0.000000
0.000000
0.000000
0.000000
0.000000
0.000000
0.000000
0.000000
0.000000
0.000000
0.000000
0.000000
0.000000
0.000000
0.000000
0.000000
0.000000
0.000000
0.000000
0.000000
0.000000
0.000000
0.000000
0.000000
0.000000
0.000000
0.000000
0.000000
0.000000
0.000000
0.000000
0.000000
0.000000
0.000000
0.000000
0.000000
0.000000
0.000000
0.000000
0.000000
0.000000
0.000000
0.000000
