0.000000
0.000000
0.000000
0.000000
0.000000
0.000000
0.000000
0.000000
0.000000
0.000000
0.000000
0.000000
0.000000
0.000000
0.000000
0.000000
0.000000
0.000000
0.000000
0.000000
0.000000
0.000000
0.000000
0.000000
0.000000
0.000000
0.000000
0.000000
27.233627
27.333627
27.338457
27.347467
27.361307
27.552798
27.888457
0.000000
28.333627
28.443584
28.648177
0.000000
29.202830
29.433627
29.543584
30.043727
30.057567
0.000000
30.302866
30.533627
30.643584
0.000000
31.183627
31.398277
31.633627
0.000000
32.147809
32.161649
32.183627
32.283627
32.683969
32.697809
32.711649
32.733627
32.775147
32.788987
0.000000
33.383627
0.000000
34.297809
34.311649
34.883627
34.897467
34.911307
34.925147
34.938987
34.952827
34.966667
34.994347
35.008187
35.022027
35.049707
35.063547
0.000000
35.483225
35.487675
35.497065
35.501515
35.515355
35.529195
35.536033
35.543035
35.549873
35.556875
35.584555
35.598395
35.626075
35.639915
35.653755
35.667595
35.695275
0.000000
36.102425
36.106875
36.120715
36.134555
36.148395
36.162235
36.176075
36.189915
36.203755
36.217595
36.231435
36.245275
36.259115
36.272955
36.286795
36.300635
36.314475
36.328315
36.342155
36.665305
36.669755
36.697435
36.725115
36.738955
36.766635
36.780475
36.794315
36.808155
36.821995
36.835835
36.849675
36.863515
36.877355
36.891195
36.905035
36.918875
36.932715
36.946555
0.000000
37.597809
0.000000
0.000000
0.000000
0.000000
0.000000
0.000000
0.000000
0.000000
0.000000
0.000000
0.000000
0.000000
0.000000
0.000000
0.000000
0.000000
0.000000
0.000000
0.000000
0.000000
0.000000
0.000000
0.000000
0.000000
0.000000
0.000000
0.000000
0.000000
0.000000
0.000000
67.183627
67.483627
0.000000
68.283627
0.000000
69.133627
69.147467
69.383627
69.883969
69.897809
0.000000
70.233627
70.483627
70.997809
71.011649
0.000000
71.333627
71.583627
0.000000
0.000000
0.000000
0.000000
0.000000
0.000000
77.333627
77.347467
77.383627
77.883627
0.000000
78.297809
78.433627
78.833969
0.000000
79.533627
79.538267
79.547467
0.000000
80.447809
80.633627
0.000000
81.183627
81.433627
81.447467
0.000000
82.348769
82.362609
82.376449
82.533627
82.912609
82.954129
0.000000
83.333627
83.347467
0.000000
84.183627
84.197467
84.448427
0.000000
85.833627
0.000000
86.383627
0.000000
87.133627
87.147467
87.161307
87.483627
0.000000
88.583627
88.733627
0.000000
89.283627
89.302297
89.329977
89.343817
89.357657
89.371497
89.385337
89.399177
89.838457
89.852297
0.000000
90.183627
90.197467
90.933627
0.000000
91.283627
91.483627
0.000000
0.000000
0.000000
0.000000
0.000000
0.000000
0.000000
0.000000
