6.500000
6.500000
6.500000
6.500000
6.500000
6.500000
6.500000
6.500000
6.500000
6.500000
6.500000
6.500000
6.500000
6.500000
6.667713
6.681553
6.691677
6.695393
6.705517
6.709233
6.719357
6.723073
6.733197
6.736913
6.747037
6.750753
6.760877
6.774717
6.784339
7.100000
7.241677
7.752913
8.100000
8.293584
8.337037
9.100000
9.393584
9.432397
9.493584
9.507424
9.521264
10.100000
10.541677
10.593584
10.983969
10.997809
11.011649
11.053169
11.067009
11.080849
11.094689
11.100000
11.122369
11.143584
11.283627
11.297467
11.641677
52.100000
52.183627
52.341677
52.493584
53.100000
53.283627
53.441677
53.448463
53.462303
53.583627
54.100000
54.133627
54.383627
54.541677
55.100000
55.233627
55.483627
55.607567
55.637037
56.100000
56.143727
56.157567
56.187037
56.333627
77.000000
77.100000
77.383627
77.641677
77.983969
78.100000
78.191677
78.483627
78.743584
79.100000
79.291677
79.293584
79.307424
79.883969
80.100000
80.133627
80.147467
80.391677
80.398224
81.100000
81.233627
81.491677
81.498224
