17.000000
17.000000
17.000000
17.000000
17.100000
17.127783
17.133512
17.137063
17.141703
18.100000
18.227783
18.233512
18.237063
18.241703
19.100000
19.327783
19.333512
19.337063
19.341703
20.100000
20.427783
20.433512
20.437063
20.441703
21.100000
21.527783
21.533512
21.537063
21.541703
47.000000
47.000000
47.000000
47.000000
47.100000
47.383512
47.387063
47.391703
47.393517
48.100000
48.483512
48.487063
48.491703
48.493517
49.100000
49.583512
49.587063
49.591703
49.593517
50.100000
50.133512
50.137063
50.141703
50.143517
51.100000
51.233512
51.237063
51.241703
51.243517
57.000000
57.100000
57.283512
57.287063
57.291703
57.293517
57.305543
58.100000
58.383512
58.387063
58.391703
58.393517
59.100000
59.483512
59.487063
59.491703
59.493517
60.100000
60.583512
60.587063
60.591703
60.593517
61.100000
61.132423
61.137063
61.141703
61.143517
92.000000
92.000000
92.000000
92.100000
92.477783
92.482423
92.487063
92.491703
93.100000
93.577783
93.582423
93.587063
93.591703
94.100000
94.127783
94.132423
94.137063
94.141703
95.100000
95.227783
95.232423
95.237063
95.241703
96.100000
96.327783
96.332423
96.337063
96.341703
