32.000000
32.100000
32.148427
32.162267
32.176107
32.433627
32.541677
33.100000
33.248427
33.533627
33.641677
34.100000
34.191677
34.633627
35.100000
35.183627
35.291677
35.383731
35.397571
36.100000
36.283627
36.391677
36.483627
37.100000
37.133969
37.147809
37.161649
37.175489
37.203169
37.383731
37.491677
38.100000
38.261649
38.483627
38.591677
38.783969
38.983627
38.997467
39.100000
39.141677
39.533627
39.583627
40.100000
40.133627
40.241677
40.402201
40.633627
41.100000
41.233627
41.341677
67.100000
67.191677
67.583627
67.597467
67.983627
67.997467
68.011307
68.025147
68.100000
68.133627
68.147467
68.291677
68.383969
68.397809
68.548273
69.100000
69.391677
69.483969
69.633627
70.100000
70.183627
70.283627
70.297467
70.491677
71.100000
71.283627
71.383627
71.402297
71.416137
71.591677
