26.500000
26.500000
26.500000
26.500000
26.500000
26.500000
26.500000
26.500000
26.500000
26.500000
26.500000
26.500000
26.500000
26.500000
26.500000
26.505517
26.519357
26.533197
26.547037
26.560877
26.574717
26.588557
27.041677
27.055517
27.069357
27.083197
27.097037
27.100000
27.110877
27.124717
27.133627
27.138557
27.152397
27.166237
27.180077
27.193917
27.207757
27.221597
27.235437
27.249277
27.263117
27.591677
28.100000
28.233627
28.247467
28.691677
29.048427
29.100000
29.241677
30.100000
30.341677
30.583969
30.597809
30.611649
30.625489
30.633627
30.647467
30.683627
30.697467
31.100000
31.233627
31.441677
62.100000
62.143727
62.241677
62.243584
62.398427
63.100000
63.333627
63.341677
63.483627
63.733969
64.100000
64.433627
64.441677
64.583627
64.798769
65.100000
65.133627
65.533731
65.541677
66.100000
66.233731
97.100000
97.441677
97.508384
97.967795
98.100000
98.383969
98.397809
98.517795
98.541677
98.598427
99.100000
99.148427
99.617795
99.641677
105.897809
