37.000000
37.000000
37.000000
37.000000
37.000000
37.000000
37.100000
38.100000
39.100000
40.100000
40.547817
40.589337
40.630857
40.700057
41.100000
42.100000
43.100000
43.261657
43.275497
43.317017
43.330857
43.358537
43.372377
43.386217
43.400057
43.413897
43.427737
43.441577
44.100000
44.333977
44.375497
44.486217
44.500057
44.925497
44.980857
45.100000
45.475497
45.489337
45.517017
45.530857
46.100000
47.100000
47.667393
47.695073
47.708913
47.722753
47.736593
47.764273
47.778113
47.805793
48.100000
48.230857
48.258537
48.272377
48.286217
48.300057
49.100000
50.100000
50.311657
50.380857
50.394697
50.408537
50.875497
51.100000
51.426530
51.454210
51.537250
52.100000
53.100000
54.100000
55.100000
56.100000
57.100000
58.100000
58.476770
58.490610
58.532130
58.573650
58.587490
58.601330
58.615170
58.656690
58.684370
58.712050
58.739730
58.753570
58.808930
58.836610
58.850450
58.878130
59.100000
59.101977
59.129657
59.157337
59.198857
59.240377
59.281897
60.100000
61.100000
62.100000
62.725497
62.739337
62.753177
62.767017
62.836217
62.877737
62.905417
62.919257
62.974617
62.988457
63.002297
63.029977
63.057657
63.100000
63.113017
63.126857
63.196057
63.223737
63.237577
63.279097
63.292937
63.306777
64.100000
65.100000
66.100000
