6.500000
6.500000
6.500000
6.500000
6.500000
6.500000
6.500000
6.747817
6.761657
6.775497
6.789337
7.100000
7.297817
7.711657
7.739337
7.767017
8.100000
8.183977
8.211657
8.239337
8.267017
8.697817
8.711657
8.739337
8.753177
8.780857
8.783977
8.797817
8.811657
8.825497
8.839337
8.853177
9.100000
9.233977
9.239337
9.253177
9.275497
9.317017
9.330857
9.389337
9.403177
9.897817
10.100000
11.100000
11.333977
11.347817
11.361657
11.375497
11.389337
11.483977
11.511657
11.980137
12.100000
13.100000
14.100000
15.100000
15.461657
15.489337
15.503177
15.517017
15.530857
15.783977
15.797817
15.811657
15.839337
16.100000
16.347817
16.375497
17.100000
17.111657
17.689337
17.697817
17.711657
17.725497
17.753177
17.975497
18.100000
18.467017
18.494697
18.536217
18.550057
18.563897
18.577737
18.591577
18.775497
18.789337
19.100000
19.283977
19.297817
19.311657
19.325497
20.100000
21.100000
21.697817
21.711657
21.725497
22.100000
22.797817
22.811657
23.100000
23.361657
23.597817
23.611657
23.625497
23.639337
24.100000
25.097817
25.100000
25.180857
25.194697
25.222377
25.236217
25.250057
26.100000
27.100000
28.100000
28.325497
28.353177
28.367017
28.394697
28.408537
28.422377
29.100000
29.383977
29.411657
29.439337
29.453177
30.100000
31.100000
32.100000
32.203177
32.217017
32.230857
32.244697
32.272377
32.286217
32.439337
32.494697
32.508537
32.536217
32.550057
32.767017
33.100000
33.675497
33.689337
33.703177
33.717017
33.730857
33.744697
33.758537
33.772377
33.786217
33.813897
33.827737
33.869257
34.100000
34.625497
34.639337
34.680857
34.694697
35.100000
36.100000
36.661657
36.689337
36.730857
36.744697
36.803177
36.817017
