67.000000
67.000000
67.000000
67.000000
67.000000
67.047817
67.061657
67.075497
67.100000
67.103177
67.117017
67.130857
67.144697
67.172377
67.186217
67.200057
67.227737
67.241577
67.255417
67.269257
67.283097
67.366137
67.421497
67.435337
67.449177
67.463017
67.476857
67.490697
67.518377
67.559897
67.573737
67.601417
67.615257
67.629097
67.684457
67.698297
67.712137
67.739817
67.753657
67.834057
67.875577
67.917097
68.000137
68.027817
68.041657
68.055497
68.100000
68.166217
68.221577
68.263097
68.318457
68.346137
68.359977
68.469017
68.552057
68.635097
68.648937
68.676617
68.704297
68.731977
69.100000
70.100000
71.100000
72.100000
73.100000
73.539337
73.580857
73.594697
73.636217
73.663897
73.677737
73.691577
73.760777
73.788457
73.816137
73.843817
73.899177
73.913017
73.954537
73.996057
74.009897
74.051417
74.065257
74.079097
74.092937
74.100000
75.100000
75.167017
75.277737
75.319257
75.346937
75.374617
75.416137
75.443817
75.471497
76.100000
76.725497
76.753177
76.780857
76.794697
76.808537
76.850057
76.891577
76.905417
76.919257
76.933097
76.946937
76.960777
77.016137
77.100000
78.100000
78.394697
78.436217
78.463897
78.477737
78.491577
79.041577
79.055417
79.069257
79.100000
80.100000
80.817977
80.873337
80.901017
80.970217
81.025577
81.039417
81.100000
82.100000
82.417977
82.459497
82.473337
82.501017
82.514857
82.542537
82.556377
82.597897
82.611737
83.100000
84.100000
84.156377
85.100000
86.100000
87.100000
88.100000
89.061657
89.075497
89.100000
89.158537
89.186217
89.200057
89.227737
89.241577
89.255417
89.269257
89.296937
89.338457
89.407657
89.435337
89.476857
89.518377
89.640297
89.723337
89.751017
89.778697
89.806377
89.834057
89.847897
89.875577
89.889417
89.903257
90.100000
91.100000
