42.000000
42.000000
42.000000
42.000000
42.000000
42.000000
42.000000
42.000000
42.000000
42.000000
42.000000
42.000000
42.000000
42.000000
42.000000
42.000000
42.000000
42.000000
42.000000
42.000000
42.000000
42.000000
42.000000
42.000000
42.000000
42.000000
42.000000
42.000000
42.000000
42.000000
42.000000
42.000000
42.000000
42.000000
42.000000
42.000000
42.000000
42.000000
42.100000
43.100000
43.547817
43.575497
43.589337
43.617017
43.630857
43.644697
43.672377
43.686217
43.700057
43.713897
43.727737
43.741577
43.755417
43.769257
43.783097
43.796937
43.824617
43.838457
43.852297
43.893817
43.907657
43.921497
44.083977
44.100000
44.222377
44.263897
44.277737
45.100000
46.100000
62.000000
62.000000
62.000000
62.000000
62.000000
62.100000
63.100000
64.049090
64.062930
64.090610
64.100000
64.118290
64.145970
64.159810
64.173650
64.242850
64.256690
64.284370
64.312050
64.353570
64.367410
64.395090
65.100000
66.100000
77.000000
77.000000
77.000000
77.000000
77.000000
77.000000
77.100000
77.583977
78.100000
79.100000
80.100000
81.100000
82.100000
83.100000
84.100000
84.347817
84.361657
84.375497
84.403177
84.430857
84.444697
84.458537
84.472377
84.486217
84.513897
84.527737
84.555417
84.569257
84.583097
84.596937
84.610777
84.624617
84.652297
84.679977
84.693817
84.707657
84.735337
85.100000
86.100000
86.483977
86.511657
86.553177
86.580857
86.719257
86.746937
