22.000000
22.000000
22.000000
22.000000
22.000000
22.000000
22.000000
22.100000
23.100000
24.100000
25.100000
26.100000
27.100000
28.100000
29.100000
30.100000
31.100000
31.583977
31.597817
31.625497
31.653177
31.667017
31.694697
31.708537
31.722377
31.736217
31.791577
31.805417
31.833097
31.846937
31.860777
31.874617
31.888457
31.957657
31.985337
31.999177
32.040697
32.068377
32.082217
32.100000
32.137577
32.151417
32.165257
32.179097
32.192937
32.206777
32.220617
32.315817
32.329657
32.371177
32.385017
32.398857
32.481897
32.495737
32.509577
32.523417
32.620297
32.634137
32.647977
33.100000
33.803177
33.858537
33.941577
33.955417
33.969257
33.983097
34.010777
34.024617
34.100000
34.297817
34.394697
34.408537
34.505417
34.546937
34.560777
34.574617
35.100000
36.100000
133.433977
133.447817
133.461657
133.489337
133.530857
133.544697
133.558537
133.600057
133.613897
133.627737
