36.733969
36.747809
37.100000
37.393584
37.583627
38.100000
38.483627
38.633969
38.647809
38.683627
39.100000
39.183969
39.233627
39.583627
40.100000
40.333627
41.100000
41.347809
41.433627
41.733627
41.747467
42.100000
42.283627
42.533627
43.100000
43.383627
43.633627
44.033969
44.047809
44.061649
44.100000
44.183627
44.483627
45.100000
45.283627
45.588218
46.100000
46.133627
46.383627
47.100000
47.783627
48.097809
48.100000
48.125489
48.333627
48.533627
48.547467
48.633969
48.647809
48.675489
49.100000
49.776449
50.100000
50.183627
50.197467
50.797467
50.811307
51.100000
51.283627
51.333627
66.500000
66.500000
66.500000
66.500000
67.100000
67.398427
67.412267
67.433627
67.438457
67.447467
68.100000
68.533627
69.100000
69.333969
69.633627
69.883969
70.083627
70.097467
70.100000
70.183627
70.633627
71.100000
71.198427
87.048427
87.062267
87.076107
87.100000
87.183731
87.598427
88.100000
88.133627
88.283627
88.483969
88.497809
89.100000
89.233627
89.383627
90.100000
90.333627
90.661649
91.100000
91.197809
91.211649
91.433627
