22.000000
22.077762
22.082402
22.093561
22.096242
22.100000
22.107402
22.628700
22.633494
22.650987
23.100000
23.162958
23.167598
23.177017
23.178802
23.190857
24.100000
24.262958
24.267598
24.278857
25.100000
25.283913
25.297754
25.363275
25.367915
25.483930
26.100000
26.448170
26.452810
62.000000
62.000000
62.000000
62.000000
62.000000
62.000000
62.000000
62.000000
62.000000
62.000000
62.000000
62.000000
62.000000
62.000000
62.000000
62.000000
62.000000
62.000000
62.000000
62.000000
62.000000
62.000000
62.000000
62.000000
62.000000
62.000000
62.000000
62.000000
62.000000
62.100000
63.100000
64.100000
65.100000
66.100000
67.100000
68.100000
69.100000
70.100000
71.100000
72.100000
73.100000
74.100000
75.100000
76.100000
77.100000
78.100000
79.100000
80.100000
81.100000
82.100000
83.100000
84.100000
85.100000
86.100000
87.100000
88.100000
89.100000
90.100000
91.100000
92.100000
93.100000
94.100000
95.100000
96.100000
97.100000
98.100000
99.100000
