3.265110
5.415110
8.915110
9.465110
11.615110
12.165110
16.016286
16.465110
18.164877
21.265110
23.165110
23.715110
27.465110
28.015110
30.165110
34.067117
37.615110
39.765110
41.365110
43.515110
44.065110
44.615110
51.315110
51.865110
55.615110
57.233117
59.065517
59.665110
60.215110
61.815110
63.965110
65.865110
67.609597
69.747357
71.680286
72.229910
74.379910
75.965110
77.565110
78.115110
83.229910
83.765110
84.315110
84.865110
86.465110
88.615110
90.765110
92.365110
93.965110
95.865110
96.415110
97.057917
99.115110
99.665110
101.265110
104.765110
105.315110
105.865110
108.015110
109.615110
110.179910
116.865486
118.465110
119.015110
121.165110
123.315110
125.215110
125.765110
127.915110
131.065110
134.565110
135.115110
135.679910
136.229910
139.965110
145.315110
146.915110
147.465110
149.065110
149.615110
150.165110
151.765110
152.315110
154.465110
156.065110
161.165110
162.765110
163.315110
163.865110
164.415110
169.529910
170.079910
171.665110
172.215110
172.765110
174.365110
174.915110
175.465110
176.015110
176.565110
180.065110
180.615110
182.215110
183.815110
185.965110
186.515110
189.715110
190.265110
191.865110
193.765110
194.315110
194.865110
198.615110
199.165110
