1.665110
2.215110
7.565110
8.115110
8.665110
9.215110
9.765110
11.915110
15.415110
20.715110
22.865110
29.815110
31.415110
31.965110
33.865110
36.015110
37.615110
39.515110
40.315110
41.915110
47.015110
52.365110
53.215110
53.765110
54.315110
54.865110
57.015110
57.565110
58.115110
60.015110
63.765110
67.515110
68.065110
71.865110
73.965110
75.565110
77.165110
77.715110
79.315110
79.865110
81.465110
84.965110
90.315110
98.865110
102.065110
105.265110
107.165110
109.315110
114.115110
114.665110
116.815110
117.365110
118.965110
119.515110
120.065110
120.615110
122.215110
124.365110
124.915110
125.465110
127.065110
127.615110
129.515110
131.115110
131.665110
135.165110
136.765110
138.915110
140.515110
142.115110
143.715110
145.315110
146.915110
149.065110
151.215110
151.765110
153.665110
154.215110
156.365110
156.915110
158.515110
163.615110
168.965110
169.515110
171.115110
171.665110
173.565110
175.715110
177.865110
179.465110
181.065110
182.965110
186.165110
186.715110
189.915110
190.465110
192.065110
192.615110
194.765110
195.315110
197.215110
197.765110
