1.115110
3.415110
5.565110
7.165110
8.765110
9.315110
9.865110
11.465110
12.015110
12.565110
14.165110
15.765110
16.315110
21.415110
23.015110
23.565110
24.115110
25.715110
27.315110
27.865110
28.415110
30.565110
32.115110
33.715110
35.865110
38.015110
43.115110
43.665110
44.215110
47.965110
51.165110
51.715110
52.265110
55.465110
59.515110
60.065110
61.965110
64.115110
65.715110
67.765110
69.365110
69.915110
71.515110
72.065110
74.215110
77.715110
79.865110
81.465110
83.065110
83.615110
84.165110
84.715110
86.615110
90.365110
94.115110
95.715110
96.265110
96.815110
97.365110
99.515110
101.415110
104.615110
105.165110
105.715110
106.265110
107.865110
109.765110
115.115110
116.715110
118.615110
119.165110
122.915110
123.465110
125.065110
125.615110
126.165110
131.215110
132.815110
134.965110
135.515110
136.065110
139.815110
140.365110
141.965110
145.165110
147.065110
149.215110
149.765110
151.915110
154.065110
156.215110
157.815110
159.415110
161.015110
162.915110
163.465110
164.015110
167.765110
169.365110
169.915110
171.815110
172.365110
174.515110
175.065110
175.615110
176.165110
176.715110
178.315110
179.915110
180.465110
183.965110
186.115110
189.865110
192.015110
193.615110
194.165110
194.715110
195.265110
196.865110
198.465110
199.015110
199.565110
