1.129910
1.815110
3.965110
7.715110
8.265110
8.815486
9.365486
11.515110
12.079910
13.679910
15.279910
15.830286
17.379910
18.965110
20.565110
22.715110
23.265110
24.865110
31.565110
32.254877
33.715110
34.265110
35.865110
37.801037
39.365110
40.186317
42.065110
43.936317
45.265110
47.415110
49.015110
50.615110
52.215110
53.077837
53.365110
53.915110
54.617917
55.015110
57.218317
57.715110
58.265110
59.865110
60.415110
62.015110
64.419190
65.765110
67.594797
68.465110
70.117437
72.215110
73.815486
77.315110
79.465110
81.615110
83.215110
84.815110
85.365110
92.315110
95.515110
97.115110
98.715110
105.415110
107.015110
107.565110
114.265110
116.415110
116.965110
119.115110
119.665110
120.215110
122.365110
124.515110
125.065110
127.215110
127.767357
129.365110
131.265110
131.815110
133.415110
135.015110
138.515110
148.665110
149.215110
151.365110
151.915110
153.515110
154.065110
154.615110
156.215110
156.765110
160.265110
161.865110
163.465110
168.815110
169.365110
171.265110
171.815110
173.415110
173.965110
176.115110
177.715110
181.215110
182.815110
186.315110
190.065110
192.215110
194.365110
194.915110
195.465110
197.065110
197.615110
198.165110
199.765110
