1.665110
5.115110
6.715110
7.265110
9.165110
11.315110
14.515110
16.065110
16.615110
18.765110
22.265110
22.815110
23.365110
28.715110
29.265110
36.215110
37.815110
39.415110
41.015110
44.515110
46.665110
48.265110
51.765110
53.365110
56.565110
58.165110
61.665110
62.215110
63.815110
65.415110
65.965110
66.515110
67.065110
69.215110
69.765110
73.515110
74.065110
75.665110
77.565110
79.165110
80.765110
81.315110
83.465110
84.015110
84.565110
85.115110
85.665110
87.265110
87.815110
91.015110
92.615110
93.165110
93.715110
94.265110
94.815110
96.965110
98.565110
99.115110
101.265110
102.865110
105.015110
105.565110
107.165110
107.715110
108.265110
109.865110
110.415110
110.965110
112.565110
113.115110
116.615110
118.215110
119.815110
121.415110
121.965110
123.565110
125.165110
125.715110
127.315110
129.215110
134.565110
136.715110
143.665110
145.265110
146.865110
148.465110
151.965110
152.515110
153.065110
154.665110
156.265110
156.815110
157.365110
157.915110
158.465110
159.015110
161.165110
162.765110
163.315110
165.465110
166.015110
166.565110
171.915110
173.815110
174.365110
175.965110
176.515110
177.065110
180.565110
181.115110
181.665110
185.415110
185.965110
186.515110
187.065110
189.215110
191.365110
192.965110
194.565110
196.465110
197.015110
198.615110
