2.715110
4.315110
7.815110
9.915486
13.665110
15.815486
17.965110
20.115110
20.665110
23.865110
26.015110
28.165110
30.315110
32.235437
32.765110
37.565110
39.165110
42.665110
44.297197
45.865110
47.765110
49.915110
52.065110
52.615110
54.215110
54.765110
56.365110
58.515110
59.080317
60.665110
62.815110
63.365110
63.915110
64.465110
65.015110
67.165110
68.765110
69.315110
70.915110
71.465110
72.015110
73.615110
75.765110
76.315110
76.865110
77.415110
79.015110
80.615110
81.165110
81.715110
83.315110
85.465110
87.065110
90.265110
92.415110
92.965110
94.565110
96.715110
98.315110
99.915110
100.465110
102.365110
103.965110
104.515110
105.065110
108.565110
110.165110
112.315110
113.915110
117.115110
117.665110
119.265110
119.815110
120.365110
120.915110
124.415110
126.015110
130.815110
132.965110
133.642557
134.065110
135.665110
136.215110
138.115110
138.665110
140.265110
140.815110
142.415110
144.015110
146.165110
149.365110
149.915110
150.465110
152.615110
153.165110
155.065110
158.815110
159.365110
160.965110
162.565110
163.115110
164.715110
166.315110
167.915110
169.515110
170.065110
173.565110
176.765110
178.365110
181.565110
182.115110
183.715110
188.815110
190.415110
192.565110
196.315110
197.915110
199.815110
