4.465110
7.665110
8.165110
9.765110
10.315110
11.915110
15.665110
17.815110
18.365110
19.965110
20.515110
24.015110
27.765110
29.915110
32.615110
40.915110
42.515110
46.015110
47.615110
48.165110
50.315110
51.915110
52.465110
54.365110
56.515110
58.665110
62.415110
62.965110
63.515110
64.065110
64.615110
66.765110
68.915110
71.065110
71.615110
73.765110
75.915110
76.465110
77.015110
80.765110
81.315110
85.065110
90.415110
92.565110
94.715110
100.065110
100.615110
102.215110
104.115110
104.665110
105.215110
106.815110
108.415110
111.915110
117.265110
119.415110
119.965110
120.515110
121.065110
122.665110
124.265110
130.965110
133.115110
133.765110
135.815110
136.365110
137.965110
138.515110
140.415110
145.765110
149.515110
150.065110
152.215110
152.765110
153.315110
154.915110
155.465110
157.065110
159.215110
162.715110
169.665110
170.215110
171.815110
173.415110
181.715110
185.465110
188.665110
192.165110
192.715110
198.065110
199.665110
