1.159510
3.415110
4.965110
6.865110
7.415110
9.015110
9.565110
11.165110
16.215110
16.765110
20.515110
22.115110
22.665110
23.215110
23.765110
25.365110
29.115110
29.679910
31.265110
34.604237
36.065110
41.165110
42.765110
44.915110
48.415110
50.015110
59.915110
61.515110
62.065110
65.565110
66.115110
66.665110
67.215110
69.365110
69.915110
73.665110
75.815110
77.429910
80.915110
81.465110
83.615110
84.165110
84.754797
85.265110
87.415110
92.765110
93.315110
93.865110
94.415110
96.565110
98.729910
100.879910
103.015110
105.165110
107.315110
107.865110
110.015110
110.565110
112.715110
113.265110
116.465110
121.565110
125.315110
127.465110
129.065110
129.615110
132.815110
134.415110
136.565110
138.715110
141.915110
143.515110
148.615110
150.215110
151.815110
152.365110
152.915110
156.415110
156.965110
157.515110
158.065110
158.615110
160.765110
162.915110
165.065110
165.629910
166.165110
168.315110
172.065110
173.665110
174.215110
176.129910
176.665110
177.215110
180.415110
180.965110
181.515110
182.065110
183.665110
185.815110
186.365110
186.915110
187.479910
189.615110
194.729910
196.329910
196.865110
