0.000000
0.000000
0.000000
0.000000
0.000000
0.000000
0.000000
6.747817
6.761657
6.775497
6.789337
0.000000
7.297817
7.711657
7.739337
7.767017
0.000000
8.183977
8.211657
8.239337
8.267017
8.697817
8.711657
8.739337
8.753177
8.780857
8.783977
8.797817
8.811657
8.825497
8.839337
8.853177
0.000000
9.233977
9.239337
9.253177
9.275497
9.317017
9.330857
9.389337
9.403177
9.897817
0.000000
0.000000
11.333977
11.347817
11.361657
11.375497
11.389337
11.483977
11.511657
11.980137
0.000000
0.000000
0.000000
0.000000
15.461657
15.489337
15.503177
15.517017
15.530857
15.783977
15.797817
15.811657
15.839337
0.000000
16.647817
16.703177
0.000000
0.000000
18.811657
18.825497
18.867017
0.000000
0.000000
20.775497
20.789337
20.803177
20.830857
0.000000
0.000000
22.297817
22.325497
22.339337
22.380857
22.394697
22.408537
0.000000
23.397817
23.411657
23.439337
23.611657
23.653177
23.667017
23.680857
23.694697
23.708537
0.000000
24.147817
24.175497
24.217017
0.000000
0.000000
0.000000
27.333977
27.375497
27.389337
27.403177
27.883977
27.897817
0.000000
28.803177
28.817017
28.830857
28.844697
0.000000
29.311657
0.000000
0.000000
0.000000
32.708074
32.721914
32.735754
32.763434
32.804954
32.832634
32.846474
0.000000
0.000000
0.000000
0.000000
0.000000
38.033977
38.089337
0.000000
38.117017
38.130857
38.172377
38.255417
38.269257
0.000000
39.433977
39.475497
39.489337
39.517017
39.530857
39.533977
39.544697
39.547817
39.558537
39.561657
39.586217
39.600057
0.000000
0.000000
41.947817
41.961657
0.000000
42.533977
42.547817
42.561657
42.575497
42.603177
42.617017
42.630857
42.644697
42.700057
42.713897
42.741577
42.755417
0.000000
0.000000
44.533977
44.561657
44.575497
44.589337
44.630857
44.672377
44.700057
44.713897
44.727737
0.000000
0.000000
46.683977
46.739337
46.753177
46.767017
46.808537
46.836217
47.033977
47.047817
47.061657
47.075497
0.000000
47.103177
47.117017
47.983977
0.000000
0.000000
0.000000
0.000000
51.197817
51.211657
51.733977
51.761657
0.000000
0.000000
53.233977
53.247817
53.289337
53.317017
53.383977
53.397817
0.000000
54.626234
54.644714
54.653914
54.672394
54.695434
54.700074
54.741594
54.769274
54.783114
54.796954
54.810794
54.838474
54.852314
54.866154
54.879994
54.907674
54.921514
54.935354
54.949194
54.976874
54.990714
55.004554
55.018394
55.032234
55.046074
0.000000
55.101434
55.156794
55.239834
55.253674
55.281354
55.295194
55.497817
55.511657
55.539337
0.000000
0.000000
57.258954
57.300474
57.314314
57.583977
57.625497
0.000000
58.211657
58.239337
58.253177
0.000000
59.533977
59.589337
0.000000
60.111657
60.125497
60.153177
0.000000
0.000000
62.433977
0.000000
63.833977
63.861657
63.875497
63.917017
63.930857
0.000000
0.000000
66.025497
66.039337
0.000000
66.603177
66.783977
66.797817
0.000000
67.628154
67.641994
67.669674
67.697354
67.711194
67.725034
67.738874
67.766554
67.780394
67.783977
67.794234
0.000000
0.000000
69.397817
69.933977
0.000000
0.000000
71.111657
71.153177
71.533977
71.547817
71.633977
71.647817
71.675497
71.883977
71.939337
71.967017
71.980857
71.994697
72.083977
0.000000
0.000000
73.547817
73.797817
73.811657
73.825497
73.853177
73.983977
73.997817
74.011657
74.025497
74.039337
0.000000
0.000000
75.961657
75.989337
0.000000
76.483977
76.497817
76.511657
76.525497
0.000000
77.747817
77.775497
77.789337
0.000000
0.000000
79.183977
79.225497
79.239337
79.253177
79.280857
0.000000
80.871657
0.000000
81.347817
81.352457
81.361657
81.375497
81.389337
81.393977
81.403177
81.497817
81.525497
81.539337
81.553177
81.567017
0.000000
0.000000
84.089337
0.000000
84.103177
84.997817
85.011657
85.053177
0.000000
85.133977
85.175497
85.189337
85.203177
85.217017
85.697817
0.000000
0.000000
87.297817
87.311657
0.000000
0.000000
0.000000
90.333977
90.375497
90.383977
90.403177
90.411657
90.417017
90.430857
90.444697
90.447817
90.461657
90.489337
90.503177
90.530857
90.558537
0.000000
0.000000
92.625497
92.633977
92.661657
92.675497
92.680857
92.689337
92.694697
92.703177
0.000000
93.733977
0.000000
94.147817
94.161657
94.175497
94.189337
94.203177
94.217017
94.297817
94.311657
94.856314
94.893194
94.934714
94.962394
94.976234
94.990074
0.000000
95.803177
0.000000
97.076474
97.090314
0.000000
0.000000
98.597817
98.611657
98.911657
98.953177
98.980857
98.994697
99.008537
0.000000
99.547817
99.561657
101.311657
102.083977
102.097817
102.139337
102.167017
102.208537
105.211657
107.253177
107.897817
109.361657
109.389337
114.147817
115.133977
116.723994
116.737834
116.807034
116.820874
116.847817
116.862394
116.917754
116.945434
116.959274
148.483977
154.683977
