0.000000
0.000000
0.000000
0.000000
0.000000
0.000000
0.000000
0.000000
0.000000
0.000000
0.000000
0.000000
0.000000
0.000000
0.000000
0.000000
0.000000
0.000000
0.000000
0.000000
0.000000
0.000000
0.000000
0.000000
0.000000
0.000000
0.000000
0.000000
0.000000
0.000000
0.000000
0.000000
0.000000
0.000000
0.000000
0.000000
0.000000
0.000000
37.661657
37.689337
37.703177
37.717017
37.744697
37.758537
37.772377
37.786217
0.000000
0.000000
39.811657
39.853177
39.894697
39.922377
39.936217
40.019257
40.033097
40.046937
40.088457
0.000000
40.102297
40.129977
40.143817
40.171497
0.000000
41.397817
41.411657
41.494697
41.522377
41.605417
41.619257
41.633097
0.000000
0.000000
43.547817
43.575497
43.589337
43.617017
43.630857
43.644697
43.672377
43.686217
43.700057
43.713897
43.727737
43.741577
43.755417
43.769257
43.783097
43.796937
43.824617
43.838457
43.852297
43.893817
43.907657
43.921497
44.083977
0.000000
44.222377
44.263897
44.277737
0.000000
0.000000
0.000000
0.000000
0.000000
0.000000
0.000000
0.000000
0.000000
0.000000
0.000000
0.000000
0.000000
0.000000
0.000000
0.000000
0.000000
0.000000
0.000000
64.049090
64.062930
64.090610
0.000000
64.118290
64.145970
64.159810
64.173650
64.242850
64.256690
64.284370
64.312050
64.353570
64.367410
64.395090
0.000000
0.000000
0.000000
0.000000
0.000000
0.000000
0.000000
0.000000
0.000000
0.000000
0.000000
0.000000
0.000000
77.583977
0.000000
0.000000
0.000000
0.000000
0.000000
0.000000
0.000000
84.347817
84.361657
84.375497
84.403177
84.430857
84.444697
84.458537
84.472377
84.486217
84.513897
84.527737
84.555417
84.569257
84.583097
84.596937
84.610777
84.624617
84.652297
84.679977
84.693817
84.707657
84.735337
0.000000
0.000000
86.483977
86.511657
86.553177
86.580857
86.719257
86.746937
0.000000
0.000000
0.000000
0.000000
0.000000
0.000000
0.000000
0.000000
0.000000
0.000000
0.000000
0.000000
0.000000
