0.000000
0.000000
0.000000
0.000000
0.000000
0.000000
0.000000
0.000000
0.000000
0.000000
0.000000
0.000000
0.000000
0.000000
0.000000
0.000000
0.000000
0.000000
0.000000
0.000000
0.000000
0.000000
0.000000
0.000000
0.000000
0.000000
0.000000
0.000000
0.000000
0.000000
0.000000
0.000000
0.000000
0.000000
0.000000
0.000000
0.000000
0.000000
0.000000
0.000000
0.000000
0.000000
0.000000
0.000000
0.000000
0.000000
0.000000
0.000000
0.000000
39.419847
39.419847
48.419847
42.519847
42.519847
42.519847
42.519847
44.519847
44.519847
44.519847
44.519847
44.519847
44.519847
44.519847
46.669847
46.669847
46.669847
46.669847
46.669847
47.019847
47.019847
47.019847
48.419847
47.019847
0.000000
0.000000
0.000000
0.000000
0.000000
0.000000
0.000000
0.000000
0.000000
0.000000
0.000000
0.000000
0.000000
0.000000
0.000000
0.000000
0.000000
0.000000
0.000000
53.369847
57.569847
58.169847
67.219847
59.519847
60.069847
67.219847
63.819847
67.219847
67.219847
67.219847
66.519847
66.769847
67.219847
0.000000
0.000000
69.369847
58.169847
59.519847
60.069847
69.369847
65.969847
66.769847
67.614024
67.614024
67.614024
67.614024
67.769847
69.369847
69.369847
63.819847
65.969847
67.614024
67.614024
67.614024
67.614024
67.614024
0.000000
0.000000
0.000000
0.000000
0.000000
0.000000
0.000000
0.000000
0.000000
0.000000
0.000000
0.000000
0.000000
0.000000
0.000000
0.000000
0.000000
0.000000
0.000000
0.000000
0.000000
0.000000
0.000000
0.000000
0.000000
0.000000
0.000000
0.000000
0.000000
0.000000
94.119847
94.119847
113.269847
93.719847
113.269847
98.569847
98.569847
98.869847
98.869847
98.869847
102.069847
102.069847
94.119847
98.869847
102.069847
107.869847
109.319847
109.319847
92.619847
94.119847
94.842184
93.719847
98.569847
107.169847
107.869847
116.709864
116.709864
116.709864
116.709864
94.119847
116.709864
92.619847
116.709864
116.709864
116.819847
