0.000000
0.000000
0.000000
0.000000
0.000000
0.000000
0.000000
0.000000
0.000000
0.000000
0.000000
0.000000
0.000000
0.000000
0.000000
0.000000
0.000000
0.000000
0.000000
0.000000
0.000000
0.000000
0.000000
0.000000
0.000000
0.000000
0.000000
0.000000
0.000000
0.000000
0.000000
0.000000
31.569847
18.769847
20.719847
20.719847
20.719847
31.569847
22.269847
22.269847
22.269847
31.569847
23.369847
23.369847
23.569847
23.569847
23.569847
23.569847
24.119847
31.569847
31.569847
27.319847
27.319847
27.869847
0.000000
28.719847
28.719847
28.719847
31.569847
29.269847
31.569847
31.569847
20.719847
32.259614
22.269847
22.269847
22.269847
23.569847
23.569847
32.259614
24.119847
27.869847
32.259614
28.719847
0.000000
23.369847
24.119847
33.719847
32.693944
32.693944
32.693944
32.693944
32.693944
0.000000
18.769847
27.319847
27.319847
32.693944
32.693944
34.269847
34.269847
0.000000
0.000000
0.000000
0.000000
0.000000
0.000000
0.000000
0.000000
0.000000
0.000000
0.000000
0.000000
0.000000
0.000000
0.000000
0.000000
0.000000
0.000000
0.000000
0.000000
0.000000
0.000000
0.000000
0.000000
0.000000
0.000000
0.000000
0.000000
0.000000
0.000000
0.000000
0.000000
0.000000
0.000000
0.000000
0.000000
0.000000
0.000000
0.000000
0.000000
0.000000
0.000000
0.000000
0.000000
0.000000
0.000000
0.000000
0.000000
0.000000
0.000000
0.000000
0.000000
0.000000
0.000000
0.000000
0.000000
0.000000
0.000000
0.000000
0.000000
0.000000
0.000000
0.000000
0.000000
0.000000
92.619847
94.119847
94.119847
93.719847
115.119847
116.709864
116.709864
116.819847
116.709864
116.709864
