0.000000
0.000000
0.000000
0.000000
0.000000
0.000000
0.000000
0.000000
0.000000
0.000000
0.000000
0.000000
0.000000
0.000000
0.000000
0.000000
15.820224
15.820224
15.419847
15.769847
15.769847
0.000000
0.000000
17.969847
17.969847
15.419847
15.419847
15.769847
0.000000
16.619847
16.619847
17.969847
0.000000
0.000000
15.419847
15.419847
15.769847
20.119847
18.769847
20.119847
20.119847
0.000000
0.000000
0.000000
0.000000
0.000000
0.000000
0.000000
0.000000
0.000000
0.000000
0.000000
0.000000
0.000000
0.000000
0.000000
0.000000
0.000000
0.000000
0.000000
0.000000
0.000000
0.000000
0.000000
0.000000
0.000000
0.000000
0.000000
0.000000
0.000000
0.000000
0.000000
0.000000
32.693944
39.419847
41.919847
44.519847
44.519847
52.619847
52.619847
47.019847
47.019847
47.019847
47.019847
52.619847
52.619847
52.619847
51.169847
51.719847
51.719847
0.000000
0.000000
38.019847
54.219847
44.519847
54.219847
54.219847
51.169847
54.219847
54.219847
53.219847
53.369847
0.000000
0.000000
46.669847
47.019847
47.019847
47.969847
51.169847
53.219847
53.219847
53.219847
53.369847
53.369847
56.369847
54.602904
54.598264
54.602904
54.602904
54.602904
54.602904
54.602904
54.602904
56.369847
54.602904
56.369847
0.000000
55.469847
55.469847
55.469847
0.000000
58.519847
42.519847
44.519847
51.169847
53.219847
54.598264
54.602904
54.602904
54.602904
54.602904
54.602904
54.602904
54.602904
54.602904
54.602904
58.519847
58.519847
58.519847
57.203304
58.169847
0.000000
0.000000
41.919847
60.669847
53.219847
54.598264
54.602904
60.669847
60.669847
57.203304
57.203304
57.569847
57.569847
60.669847
60.669847
0.000000
0.000000
0.000000
0.000000
0.000000
0.000000
0.000000
0.000000
0.000000
0.000000
0.000000
0.000000
0.000000
0.000000
0.000000
0.000000
0.000000
0.000000
0.000000
0.000000
0.000000
0.000000
0.000000
0.000000
0.000000
0.000000
0.000000
0.000000
0.000000
0.000000
0.000000
0.000000
92.419847
0.000000
0.000000
92.619847
94.569847
93.719847
94.569847
94.119847
94.269847
94.269847
0.000000
0.000000
92.569847
92.619847
92.569847
92.619847
96.719847
92.619847
94.119847
94.119847
94.119847
94.837544
95.719847
96.719847
0.000000
0.000000
0.000000
92.569847
92.619847
92.569847
92.619847
94.119847
94.119847
94.269847
94.837544
108.569847
93.719847
97.062344
97.062344
108.569847
108.569847
98.869847
98.869847
98.869847
108.569847
99.519847
99.519847
101.269847
102.069847
102.069847
102.069847
102.069847
105.169847
107.169847
