0.000000
0.000000
0.000000
0.000000
0.000000
0.000000
0.000000
0.000000
0.000000
0.000000
0.000000
0.000000
0.000000
0.000000
0.000000
0.000000
0.000000
0.000000
0.000000
0.000000
0.000000
0.000000
0.000000
0.000000
0.000000
0.000000
0.000000
0.000000
0.000000
0.000000
0.000000
0.000000
0.000000
0.000000
0.000000
0.000000
0.000000
0.000000
37.619847
32.693944
32.693944
32.693944
37.619847
37.619847
37.619847
37.619847
0.000000
0.000000
39.769847
32.693944
38.019847
39.769847
38.019847
39.419847
39.419847
39.419847
39.519847
0.000000
39.419847
39.419847
39.519847
39.419847
0.000000
22.269847
27.869847
38.019847
41.369847
39.419847
41.369847
41.369847
0.000000
0.000000
27.869847
43.519847
38.019847
38.019847
43.519847
39.419847
39.519847
43.519847
43.519847
41.919847
41.919847
43.519847
42.519847
42.519847
42.519847
42.519847
42.519847
42.519847
42.519847
42.519847
42.519847
43.519847
44.069847
0.000000
42.519847
42.519847
42.519847
0.000000
0.000000
0.000000
0.000000
0.000000
0.000000
0.000000
0.000000
0.000000
0.000000
0.000000
0.000000
0.000000
0.000000
0.000000
0.000000
0.000000
0.000000
0.000000
44.519847
53.369847
54.602904
0.000000
63.969847
57.569847
63.969847
58.169847
60.069847
60.069847
63.969847
62.419847
63.819847
63.819847
63.819847
0.000000
0.000000
0.000000
0.000000
0.000000
0.000000
0.000000
0.000000
0.000000
0.000000
0.000000
0.000000
0.000000
77.569847
0.000000
0.000000
0.000000
0.000000
0.000000
0.000000
0.000000
77.719847
77.719847
84.319847
79.169847
79.169847
79.169847
79.169847
84.319847
80.774487
81.319847
81.324487
81.319847
81.319847
81.324487
81.319847
81.469847
81.469847
81.469847
84.319847
84.319847
84.019847
84.019847
0.000000
0.000000
77.719847
79.169847
81.469847
86.469847
85.119847
86.469847
0.000000
0.000000
0.000000
0.000000
0.000000
0.000000
0.000000
0.000000
0.000000
0.000000
0.000000
0.000000
0.000000
