0.000000
0.000000
0.000000
0.000000
0.000000
0.000000
0.000000
0.000000
0.000000
0.000000
0.000000
0.000000
0.000000
0.000000
0.000000
0.000000
0.000000
0.000000
0.000000
0.000000
0.000000
0.000000
0.000000
0.000000
0.000000
0.000000
0.000000
0.000000
0.000000
0.000000
0.000000
0.000000
0.000000
0.000000
0.000000
0.000000
0.000000
0.000000
0.000000
0.000000
0.000000
0.000000
0.000000
0.000000
0.000000
0.000000
0.000000
0.000000
0.000000
48.461657
48.475497
48.503177
48.517017
48.530857
48.544697
48.558537
48.586217
48.613897
48.627737
48.641577
48.655417
48.669257
48.696937
48.738457
48.766137
48.779977
48.793817
48.807657
48.821497
48.835337
48.863017
48.876857
48.904537
0.000000
0.000000
0.000000
0.000000
0.000000
0.000000
0.000000
0.000000
0.000000
0.000000
0.000000
0.000000
0.000000
0.000000
0.000000
0.000000
0.000000
0.000000
0.000000
67.261657
67.289337
67.330857
67.344697
67.372377
67.400057
67.413897
67.455417
67.469257
67.483097
67.524617
67.538457
67.566137
67.579977
0.000000
0.000000
69.397817
69.411657
69.425497
69.439337
69.467017
69.508537
69.550057
69.577737
69.633097
69.646937
69.674617
69.688457
69.716137
69.729977
69.975497
70.017017
70.030857
70.044697
70.058537
70.072377
70.086217
0.000000
0.000000
0.000000
0.000000
0.000000
0.000000
0.000000
0.000000
0.000000
0.000000
0.000000
0.000000
0.000000
0.000000
0.000000
0.000000
0.000000
0.000000
0.000000
0.000000
0.000000
0.000000
0.000000
0.000000
0.000000
0.000000
0.000000
0.000000
0.000000
0.000000
113.339337
113.353177
113.380857
113.394697
113.408537
113.422377
113.436217
113.463897
113.477737
113.491577
113.505417
113.533097
116.511657
116.608537
116.622377
116.650057
116.663897
116.677737
127.483977
127.525497
127.539337
127.553177
127.567017
127.580857
127.594697
127.663897
127.691577
127.719257
127.733097
138.747817
138.817017
141.933977
141.989337
142.030857
143.589337
