0.000000
0.000000
0.000000
0.000000
0.000000
0.000000
0.000000
6.719847
6.719847
6.719847
6.719847
0.000000
7.269847
7.669847
7.669847
7.669847
0.000000
8.169847
8.169847
8.169847
8.169847
8.669847
8.669847
8.669847
8.669847
8.669847
8.769847
8.769847
8.769847
8.769847
8.769847
8.769847
0.000000
9.219847
9.169847
9.169847
9.219847
9.219847
9.219847
9.319847
9.319847
9.869847
0.000000
0.000000
11.319847
11.319847
11.319847
11.319847
11.319847
11.469847
11.469847
11.924487
0.000000
0.000000
0.000000
0.000000
15.419847
15.419847
15.419847
15.419847
15.419847
15.769847
15.769847
15.769847
15.769847
0.000000
16.619847
16.619847
0.000000
0.000000
18.769847
18.769847
18.769847
0.000000
0.000000
20.719847
20.719847
20.719847
20.719847
0.000000
0.000000
22.269847
22.269847
22.269847
22.269847
22.269847
22.269847
0.000000
23.369847
23.369847
23.369847
23.569847
23.569847
23.569847
23.569847
23.569847
23.569847
0.000000
24.119847
24.119847
24.119847
0.000000
0.000000
0.000000
27.319847
27.319847
27.319847
27.319847
27.869847
27.869847
0.000000
28.719847
28.719847
28.719847
28.719847
0.000000
29.269847
0.000000
0.000000
0.000000
32.693944
32.693944
32.693944
32.693944
32.693944
32.693944
32.693944
0.000000
0.000000
0.000000
0.000000
0.000000
38.019847
38.019847
0.000000
38.019847
38.019847
38.019847
38.019847
38.019847
0.000000
39.419847
39.419847
39.419847
39.419847
39.419847
39.519847
39.419847
39.519847
39.419847
39.519847
39.419847
39.419847
0.000000
0.000000
41.919847
41.919847
0.000000
42.519847
42.519847
42.519847
42.519847
42.519847
42.519847
42.519847
42.519847
42.519847
42.519847
42.519847
42.519847
0.000000
0.000000
44.519847
44.519847
44.519847
44.519847
44.519847
44.519847
44.519847
44.519847
44.519847
0.000000
0.000000
46.669847
46.669847
46.669847
46.669847
46.669847
46.669847
47.019847
47.019847
47.019847
47.019847
0.000000
47.019847
47.019847
47.969847
0.000000
0.000000
0.000000
0.000000
51.169847
51.169847
51.719847
51.719847
0.000000
0.000000
53.219847
53.219847
53.219847
53.219847
53.369847
53.369847
0.000000
54.598264
54.602904
54.598264
54.602904
54.598264
54.602904
54.602904
54.602904
54.602904
54.602904
54.602904
54.602904
54.602904
54.602904
54.602904
54.602904
54.602904
54.602904
54.602904
54.602904
54.602904
54.602904
54.602904
54.602904
54.602904
0.000000
54.602904
54.602904
54.602904
54.602904
54.602904
54.602904
55.469847
55.469847
55.469847
0.000000
0.000000
57.203304
57.203304
57.203304
57.569847
57.569847
0.000000
58.169847
58.169847
58.169847
0.000000
59.519847
59.519847
0.000000
60.069847
60.069847
60.069847
0.000000
0.000000
62.419847
0.000000
63.819847
63.819847
63.819847
63.819847
63.819847
0.000000
0.000000
65.969847
65.969847
0.000000
66.519847
66.769847
66.769847
0.000000
67.614024
67.614024
67.614024
67.614024
67.614024
67.614024
67.614024
67.614024
67.614024
67.769847
67.614024
0.000000
0.000000
69.369847
69.919847
0.000000
0.000000
71.069847
71.069847
71.519847
71.519847
71.619847
71.619847
71.619847
71.869847
71.869847
71.869847
71.869847
71.869847
72.069847
0.000000
0.000000
73.519847
73.769847
73.769847
73.769847
73.769847
73.969847
73.969847
73.969847
73.969847
73.969847
0.000000
0.000000
75.919847
75.919847
0.000000
76.469847
76.469847
76.469847
76.469847
0.000000
77.719847
77.719847
77.719847
0.000000
0.000000
79.169847
79.169847
79.169847
79.169847
79.169847
0.000000
80.774487
0.000000
81.319847
81.324487
81.319847
81.319847
81.319847
81.324487
81.319847
81.469847
81.469847
81.469847
81.469847
81.469847
0.000000
0.000000
84.019847
0.000000
84.019847
84.969847
84.969847
84.969847
0.000000
85.119847
85.119847
85.119847
85.119847
85.119847
85.669847
0.000000
0.000000
87.269847
87.269847
0.000000
0.000000
0.000000
90.319847
90.319847
90.369847
90.319847
90.369847
90.319847
90.319847
90.319847
90.419847
90.419847
90.419847
90.419847
90.419847
90.419847
0.000000
0.000000
92.569847
92.619847
92.619847
92.619847
92.569847
92.619847
92.419847
92.619847
0.000000
93.719847
0.000000
94.119847
94.119847
94.119847
94.119847
94.119847
94.119847
94.269847
94.269847
94.842184
94.837544
94.837544
94.569847
93.719847
94.569847
0.000000
95.719847
0.000000
97.062344
97.062344
0.000000
0.000000
98.569847
98.569847
98.869847
98.869847
98.869847
98.869847
98.869847
0.000000
99.519847
99.519847
101.269847
102.069847
102.069847
102.069847
102.069847
102.069847
105.169847
107.169847
107.869847
109.319847
109.319847
114.119847
115.119847
116.709864
116.709864
116.709864
116.709864
116.819847
116.709864
116.709864
116.709864
116.709864
116.709864
116.819847
