0.000000
0.000000
0.000000
0.000000
0.000000
0.000000
0.000000
0.000000
0.000000
0.000000
0.000000
0.000000
0.000000
0.000000
0.000000
0.000000
15.860506
15.874346
15.929706
15.971226
15.998906
0.000000
0.000000
17.983977
17.997817
18.011657
18.067017
18.094697
0.000000
18.122377
18.136217
18.150057
0.000000
0.000000
20.133977
20.147817
20.175497
20.189337
20.244697
20.258537
20.272377
0.000000
0.000000
0.000000
0.000000
0.000000
0.000000
0.000000
0.000000
0.000000
0.000000
0.000000
0.000000
0.000000
0.000000
0.000000
0.000000
0.000000
0.000000
0.000000
0.000000
0.000000
0.000000
0.000000
0.000000
0.000000
0.000000
0.000000
0.000000
0.000000
0.000000
0.000000
0.000000
52.633977
52.661657
52.675497
52.758537
52.786217
52.813897
52.827737
52.855417
52.869257
52.910777
52.924617
52.952297
52.979977
52.993817
53.007657
53.035337
53.049177
0.000000
0.000000
54.233977
54.261657
54.317017
54.386217
54.441577
54.469257
54.483097
54.496937
54.524617
54.566137
0.000000
0.000000
56.467017
56.480857
56.494697
56.508537
56.536217
56.563897
56.591577
56.605417
56.619257
56.633097
56.646937
56.702297
56.716137
56.771497
56.785337
56.813017
56.882217
56.896057
56.909897
57.020617
57.034457
57.089817
0.000000
57.103657
57.117497
57.131337
0.000000
58.547817
58.561657
58.589337
58.603177
58.630857
58.672377
58.686217
58.700057
58.713897
58.727737
58.741577
58.755417
58.783097
58.796937
58.824617
58.866137
58.907657
58.921497
58.949177
59.046057
0.000000
0.000000
60.683977
60.725497
60.753177
60.780857
60.836217
60.863897
60.877737
60.905417
60.919257
60.933097
60.946937
60.960777
61.043817
0.000000
0.000000
0.000000
0.000000
0.000000
0.000000
0.000000
0.000000
0.000000
0.000000
0.000000
0.000000
0.000000
0.000000
0.000000
0.000000
0.000000
0.000000
0.000000
0.000000
0.000000
0.000000
0.000000
0.000000
0.000000
0.000000
0.000000
0.000000
0.000000
0.000000
0.000000
0.000000
92.433977
0.000000
0.000000
94.625497
94.694697
94.708537
94.722377
94.777737
94.819257
94.833097
0.000000
0.000000
96.733977
96.761657
96.775497
96.789337
96.803177
96.817017
96.844697
96.886217
96.900057
96.955417
97.024617
97.038457
0.000000
0.000000
0.000000
108.583977
108.611657
108.625497
108.653177
108.680857
108.708537
108.736217
108.763897
108.777737
108.791577
108.819257
108.833097
108.846937
108.860777
108.916137
108.943817
108.957657
108.971497
108.985337
108.999177
109.013017
109.026857
109.054537
109.068377
109.082217
109.096057
109.109897
