1.129662
1.679662
2.229662
2.779662
3.329662
3.879662
4.429662
4.979662
5.529662
6.079662
6.629662
7.179662
7.729662
8.279662
8.829662
9.379662
9.929662
10.479662
11.029662
11.579662
12.129662
12.679662
13.229662
13.779662
14.329662
14.879662
15.429662
15.979662
16.529662
17.079662
17.629662
18.179662
18.729662
19.279662
19.829662
20.379662
20.929662
21.479662
22.029662
22.579662
23.129662
23.679662
24.229662
24.779662
25.329662
25.879662
26.429662
26.979662
27.529662
28.079662
28.629662
29.179662
29.729662
30.279662
30.829662
31.379662
31.929662
32.479662
33.029662
33.579662
34.129662
34.679662
35.229662
35.779662
36.329662
36.879662
37.429662
37.979662
38.529662
39.079662
39.629662
40.179662
40.729662
41.279662
41.829662
42.379662
42.929662
43.479662
44.029662
44.579662
45.129662
45.679662
46.229662
46.779662
47.329662
47.879662
48.429662
48.979662
49.529662
50.079662
50.629662
51.179662
51.729662
52.279662
52.829662
53.379662
53.929662
54.479662
55.029662
55.579662
56.129662
56.679662
57.229662
57.779662
58.329662
58.879662
59.429662
59.979662
60.529662
61.079662
61.629662
62.179662
62.729662
63.279662
63.829662
64.379662
64.929662
65.479662
66.029662
66.579662
67.129662
67.679662
68.229662
68.779662
69.329662
69.879662
70.429662
70.979662
71.529662
72.079662
72.629662
73.179662
73.729662
74.279662
74.829662
75.379662
75.929662
76.479662
77.029662
77.579662
78.129662
78.679662
79.229662
79.779662
80.329662
80.879662
81.429662
81.979662
82.529662
83.079662
83.629662
84.179662
84.729662
85.279662
85.829662
86.379662
86.929662
87.479662
88.029662
88.579662
89.129662
89.679662
90.229662
90.779662
91.329662
91.879662
92.429662
92.979662
93.529662
94.079662
94.629662
95.179662
95.729662
96.279662
96.829662
97.379662
97.929662
98.479662
99.029662
99.579662
100.129662
100.679662
101.229662
101.779662
102.329662
102.879662
103.429662
103.979662
104.529662
105.079662
105.629662
106.179662
106.729662
107.279662
107.829662
108.379662
108.929662
109.479662
110.029662
110.579662
111.129662
111.679662
112.229662
112.779662
113.329662
113.879662
114.429662
114.979662
115.529662
116.079662
116.629662
117.179662
117.729662
118.279662
118.829662
119.379662
119.929662
120.479662
121.029662
121.579662
122.129662
122.679662
123.229662
123.779662
124.329662
124.879662
125.429662
125.979662
126.529662
127.079662
127.629662
128.179662
128.729662
129.279662
129.829662
130.379662
130.929662
131.479662
132.029662
132.579662
133.129662
133.679662
134.229662
134.779662
135.329662
135.879662
136.429662
136.979662
137.529662
138.079662
138.629662
139.179662
139.729662
140.279662
140.829662
141.379662
141.929662
142.479662
143.029662
143.579662
144.129662
144.679662
145.229662
145.779662
146.329662
146.879662
147.429662
147.979662
148.529662
149.079662
149.629662
150.179662
150.729662
151.279662
151.829662
152.379662
152.929662
153.479662
154.029662
154.579662
155.129662
155.679662
156.229662
156.779662
157.329662
157.879662
158.429662
158.979662
159.529662
160.079662
160.629662
161.179662
161.729662
162.279662
162.829662
163.379662
163.929662
164.479662
165.029662
165.579662
166.129662
166.679662
167.229662
167.779662
168.329662
168.879662
169.429662
169.979662
170.529662
171.079662
171.629662
172.179662
172.729662
173.279662
173.829662
174.379662
174.929662
175.479662
176.029662
176.579662
177.129662
177.679662
178.229662
178.779662
179.329662
179.879662
180.429662
180.979662
181.529662
182.079662
182.629662
183.179662
183.729662
184.279662
184.829662
185.379662
185.929662
186.479662
187.029662
187.579662
188.129662
188.679662
189.229662
189.779662
190.329662
190.879662
191.429662
191.979662
192.529662
193.079662
193.629662
194.179662
194.729662
195.279662
195.829662
196.379662
196.929662
197.479662
198.029662
198.579662
199.129662
199.679662
