0.000000
0.000000
0.000000
0.000000
0.000000
0.000000
0.000000
0.000000
0.000000
0.000000
0.000000
0.000000
0.000000
0.000000
0.000000
0.000000
0.000000
0.000000
0.000000
0.000000
0.000000
0.000000
0.000000
0.000000
0.000000
0.000000
0.000000
0.000000
0.000000
0.000000
0.000000
0.000000
0.000000
0.000000
0.000000
0.000000
0.000000
0.000000
0.000000
0.000000
0.000000
0.000000
0.000000
0.000000
0.000000
0.000000
0.000000
0.000000
0.000000
0.000000
0.000000
0.000000
0.000000
0.000000
0.000000
0.000000
0.000000
0.000000
0.000000
0.000000
0.000000
0.000000
0.000000
0.000000
0.000000
0.000000
0.000000
0.000000
0.000000
0.000000
0.000000
0.000000
0.000000
0.000000
0.000000
0.000000
0.000000
0.000000
0.000000
0.000000
0.000000
0.000000
0.000000
82.572218
82.572263
82.572281
0.000000
83.122263
83.122281
83.672218
0.000000
84.222218
84.222263
84.222281
0.000000
85.322218
85.322263
85.322281
0.000000
86.422218
86.422263
86.422281
0.000000
87.522218
87.522263
87.522281
0.000000
88.622218
88.622263
88.622281
0.000000
89.172218
89.172263
89.172281
0.000000
90.272218
90.272263
90.272281
0.000000
91.372218
91.372263
91.372281
0.000000
92.472218
92.472263
92.472281
0.000000
93.572218
93.572263
93.572281
0.000000
94.122263
94.122281
94.672218
0.000000
95.222218
95.222263
95.222281
0.000000
96.322218
96.322263
96.322281
0.000000
97.422218
97.422263
97.422281
0.000000
98.522218
98.522263
98.522281
0.000000
99.622218
99.622263
99.622281
