0.000000
0.000000
0.000000
0.000000
0.000000
0.000000
0.000000
6.122300
6.136140
6.149980
6.163820
6.177660
6.191500
6.205340
6.672218
6.672218
6.686058
6.686058
6.699898
6.699898
6.713738
6.713738
6.727578
6.727578
6.741418
6.741418
6.755258
6.755258
0.000000
7.222218
7.222218
7.222300
0.000000
8.322218
8.322218
8.322300
0.000000
9.422218
9.422218
9.422300
0.000000
10.522218
10.522218
10.522300
0.000000
11.622218
11.622218
11.622300
0.000000
12.172218
12.172218
12.172300
0.000000
13.272218
13.272218
13.272300
0.000000
14.372218
14.372218
14.372300
0.000000
15.472218
15.472218
15.472300
0.000000
16.572218
16.572218
16.572300
0.000000
17.122218
17.122300
17.672218
0.000000
18.222218
18.222218
18.222300
0.000000
19.322218
19.322218
19.322300
0.000000
20.422218
20.422218
20.422300
0.000000
21.522218
21.522218
21.522300
0.000000
22.622218
22.622218
22.622300
0.000000
23.172218
23.172218
23.172300
0.000000
24.272218
24.272218
24.272300
0.000000
25.372218
25.372218
25.372300
0.000000
26.472218
26.472218
26.472300
0.000000
27.572218
27.572218
27.572300
0.000000
28.122218
28.122300
28.672218
0.000000
29.222218
29.222218
29.222300
0.000000
30.322218
30.322218
30.322300
0.000000
31.422218
31.422218
31.422300
0.000000
32.522218
32.522218
32.522300
0.000000
33.622218
33.622218
33.622300
0.000000
34.172218
34.172218
34.172300
0.000000
35.272218
35.272218
35.272300
0.000000
36.372218
36.372218
36.372300
0.000000
37.472218
37.472218
37.472300
0.000000
38.572218
38.572218
38.572300
0.000000
39.122218
39.122300
39.672218
0.000000
40.222218
40.222218
40.222300
0.000000
41.322218
41.322218
41.322300
0.000000
42.422218
42.422218
42.422300
0.000000
43.522218
43.522218
43.522300
0.000000
44.622218
44.622218
44.622300
0.000000
45.172218
45.172218
45.172300
0.000000
46.272218
46.272218
46.272300
0.000000
47.372218
47.372218
47.372300
0.000000
48.472218
48.472218
48.472300
0.000000
49.572218
49.572218
49.572300
0.000000
50.122218
50.122300
50.672218
0.000000
51.222218
51.222218
51.222300
0.000000
52.322218
52.322218
52.322300
0.000000
53.422218
53.422218
53.422300
0.000000
54.522218
54.522218
54.522300
0.000000
55.622218
55.622218
55.622300
0.000000
56.172218
56.172218
56.172300
0.000000
57.272218
57.272218
57.272300
0.000000
58.372218
58.372218
58.372300
0.000000
59.472218
59.472218
59.472300
0.000000
60.572218
60.572218
60.572300
0.000000
61.122218
61.122300
61.672218
0.000000
62.222218
62.222218
62.222300
0.000000
63.322218
63.322218
63.322300
0.000000
64.422218
64.422218
64.422300
0.000000
65.522218
65.522218
65.522300
0.000000
66.622218
66.622218
66.622300
0.000000
67.172218
67.172218
67.172300
0.000000
68.272218
68.272218
68.272300
0.000000
69.372218
69.372218
69.372300
0.000000
70.472218
70.472218
70.472300
0.000000
71.572218
71.572218
71.572300
0.000000
72.122218
72.122300
72.672218
0.000000
73.222218
73.222218
73.222300
0.000000
74.322218
74.322218
74.322300
0.000000
75.422218
75.422218
75.422300
0.000000
76.522218
76.522218
76.522300
0.000000
77.622218
77.622218
77.622300
0.000000
78.172218
78.172218
78.172300
78.722218
0.000000
0.000000
0.000000
0.000000
0.000000
0.000000
0.000000
0.000000
0.000000
0.000000
0.000000
0.000000
0.000000
0.000000
0.000000
0.000000
0.000000
0.000000
0.000000
0.000000
0.000000
