0.000000
0.000000
0.000000
0.000000
0.000000
0.000000
0.000000
0.000000
0.000000
0.000000
0.000000
0.000000
0.000000
0.000000
0.000000
0.000000
0.000000
0.000000
0.000000
0.000000
0.000000
0.000000
0.000000
0.000000
0.000000
0.000000
0.000000
0.000000
0.000000
0.000000
0.000000
0.000000
0.000000
0.000000
0.000000
0.000000
0.000000
0.000000
0.000000
0.000000
0.000000
0.000000
0.000000
0.000000
0.000000
0.000000
0.000000
0.000000
0.000000
0.000000
0.000000
0.000000
0.000000
0.000000
0.000000
0.000000
0.000000
0.000000
0.000000
0.000000
0.000000
0.000000
0.000000
0.000000
0.000000
0.000000
0.000000
0.000000
0.000000
0.000000
0.000000
0.000000
0.000000
0.000000
0.000000
0.000000
0.000000
0.000000
0.000000
78.149060
78.149060
78.153700
78.158346
0.000000
79.249060
79.258346
79.253700
79.249060
0.000000
80.349060
80.358346
80.353700
0.000000
81.449060
81.458346
81.453700
0.000000
82.549060
82.558346
82.553700
0.000000
83.108346
83.103700
83.649060
0.000000
84.199060
84.208346
84.203700
0.000000
85.299060
85.308346
85.303700
0.000000
86.399060
86.408346
86.403700
0.000000
87.499060
87.508346
87.503700
0.000000
88.599060
88.608346
88.603700
0.000000
89.149060
89.158346
89.153700
0.000000
90.249060
90.258346
90.253700
0.000000
91.349060
91.358346
91.353700
0.000000
92.449060
92.458346
92.453700
0.000000
93.549060
93.558346
93.553700
0.000000
94.108346
94.103700
94.649060
0.000000
95.199060
95.208346
95.203700
0.000000
96.299060
96.308346
96.303700
0.000000
97.399060
97.408346
97.403700
0.000000
98.499060
98.508346
98.503700
0.000000
99.599060
99.608346
99.603700
