0
0
0
0
0
0
0
1
1
1
1
1
1
1
1
1
1
1
1
1
1
1
1
1
1
1
1
1
1
1
1
1
1
1
1
0
1
1
1
1
0
1
1
1
1
0
1
1
1
1
0
1
1
1
1
0
1
1
1
1
0
1
1
1
1
0
1
1
1
1
0
1
1
1
1
0
1
1
1
1
0
1
1
1
1
0
1
1
1
1
0
1
1
1
1
0
1
1
1
1
0
1
1
1
1
0
1
1
1
1
0
1
1
1
0
1
1
1
1
1
0
1
1
1
1
0
1
1
1
0
1
1
0
1
1
1
0
1
1
0
1
1
1
0
1
2
2
2
1
0
2
2
2
2
2
1
2
0
1
2
0
1
2
2
2
1
0
2
1
2
0
2
2
0
2
0
0
0
0
0
0
0
0
0
0
0
0
0
0
0
0
0
0
0
0
0
0
0
0
0
0
0
0
0
0
0
0
0
0
0
0
0
0
0
0
0
0
0
0
0
0
0
0
0
0
1
1
1
1
1
1
1
1
1
1
1
1
1
1
1
1
1
1
1
1
1
1
1
1
1
1
1
1
1
1
1
1
1
1
1
1
1
1
1
1
1
1
1
1
1
2
2
0
0
3
3
3
4
5
4
5
5
5
5
5
5
6
3
4
5
6
2
1
1
1
1
1
1
1
1
1
1
1
1
1
1
1
1
1
1
0
0
1
1
1
1
0
0
6
1
1
1
1
1
1
1
2
4
1
0
0
1
1
1
1
1
0
0
1
1
1
1
0
0
1
1
1
0
0
1
1
0
0
1
1
1
0
0
1
1
1
1
0
0
1
1
0
0
1
1
1
0
0
1
1
0
0
1
1
1
1
0
0
1
1
0
0
1
1
1
1
1
0
0
1
0
0
1
1
1
0
0
1
1
1
1
0
0
1
1
0
0
1
1
0
0
1
1
0
0
0
0
1
1
1
1
1
1
0
0
1
1
0
0
1
0
0
1
1
1
0
0
1
1
0
0
1
1
1
1
1
1
1
1
0
0
1
1
0
0
0
0
0
4
6
2
5
7
3
10
11
9
8
0
2
8
8
5
6
2
7
1
1
0
0
1
1
1
1
1
1
5
1
1
0
0
1
1
0
0
1
1
1
1
1
