1.129906
1.679906
2.229906
3.315106
3.865106
5.765106
6.315106
7.915106
8.429906
10.365106
11.965106
12.515106
14.115106
16.265106
16.815106
18.415106
20.015106
21.915106
24.065106
26.215106
26.765106
27.315106
27.865106
28.415106
30.015106
30.565106
32.115106
32.665106
33.215106
36.715106
38.865106
41.015106
41.565106
42.115106
43.715106
45.865106
47.765106
48.315106
49.929906
50.479906
53.965106
55.565106
56.115106
57.715106
59.865106
62.015106
63.915106
64.468749
66.065106
67.679906
69.565106
70.115106
72.265106
72.815106
73.365106
75.515106
76.065106
76.615106
78.765106
80.915106
81.465106
82.015106
83.615106
85.515106
89.265106
91.415106
91.965106
92.515106
93.065106
93.615106
94.165106
94.715106
96.315106
96.865106
97.415106
99.015106
99.565106
101.465106
103.615106
104.165106
104.715106
105.265106
105.815106
107.415106
107.965106
108.515106
110.115106
112.265106
114.165106
114.715106
115.265106
116.865106
120.065106
120.615106
122.215106
125.715106
129.465106
131.065106
132.965106
135.115106
137.265106
138.865106
140.465106
141.015106
141.565106
143.165106
143.715106
144.265106
146.165106
148.315106
148.865106
152.615106
154.215106
154.765106
156.915106
157.465106
158.015106
159.629906
161.765106
162.315106
164.465106
166.615106
167.165106
167.715106
169.315106
171.215106
173.379906
174.965106
175.515106
176.065106
176.615106
177.165106
177.715106
179.865106
180.415106
180.965106
181.515106
183.115106
184.715106
186.315106
189.815106
190.365106
191.979906
193.865106
194.415106
194.965106
196.565106
198.465106
