1.129754
1.679754
2.229754
2.764954
3.314954
3.864954
4.414954
5.114954
7.264954
7.814954
8.364954
8.929754
9.479754
10.014954
10.564954
11.114954
11.664954
12.214954
12.764954
13.314954
13.864954
14.414954
14.964954
15.514954
16.064954
16.614954
17.164954
17.714954
18.264954
19.864954
21.764954
23.914954
24.464954
25.014954
25.564954
26.114954
26.664954
27.214954
27.764954
29.364954
29.914954
30.464954
31.014954
31.564954
33.217820
33.714954
34.264954
34.814954
35.367841
35.914954
36.464954
37.014954
37.564954
38.114954
38.664954
39.214954
39.764954
40.314954
40.864954
42.464954
43.014954
43.564954
44.114954
44.664954
45.214954
45.764954
46.314954
48.214954
48.764954
49.314954
49.864954
50.414954
50.964954
51.514954
52.064954
52.614954
53.164954
53.714954
55.314954
55.864954
56.414954
58.014954
58.564954
59.114954
59.664954
60.214954
60.764954
62.364954
62.914954
63.726077
64.014954
64.564954
65.114954
65.664954
66.214954
66.764954
67.314954
67.864954
68.414954
68.964954
69.514954
70.064954
70.614954
71.164954
71.714954
72.264954
72.814954
73.379754
73.929754
74.464954
75.014954
75.564954
76.126317
76.664954
77.240157
77.764954
79.364954
79.914954
80.476317
81.014954
81.564954
83.464954
84.014954
84.564954
85.114954
85.664954
86.214954
86.764954
87.314954
89.464954
90.014954
90.564954
91.114954
93.264954
93.814954
94.364954
94.914954
95.464954
96.014954
96.564954
97.114954
97.664954
98.214954
98.764954
99.314954
99.864954
100.414954
100.964954
101.514954
102.064954
102.614954
103.164954
103.714954
105.864954
106.414954
106.964954
107.514954
109.664954
110.214954
110.764954
111.329754
111.864954
112.414954
112.964954
113.514954
114.064954
114.614954
115.164954
115.714954
116.264954
117.864954
118.414954
118.964954
119.514954
120.064954
120.614954
121.164954
121.714954
123.314954
123.864954
124.414954
124.964954
125.514954
126.064954
126.614954
128.164954
129.764954
130.314954
130.864954
131.414954
131.964954
132.514954
133.064954
133.614954
134.164954
134.714954
135.264954
135.814954
136.364954
136.914954
137.464954
138.014954
138.564954
139.129754
139.679754
140.229754
140.764954
141.314954
141.864954
142.414954
142.964954
143.514954
144.064954
146.214954
146.764954
147.314954
147.864954
148.414954
148.964954
149.514954
150.064954
150.614954
152.214954
152.764954
153.314954
153.864954
154.414954
154.964954
155.514954
157.114954
157.664954
159.264954
159.814954
160.364954
160.929754
161.479754
162.014954
162.564954
163.114954
163.664954
164.214954
164.764954
166.664954
167.214954
167.764954
168.314954
168.864954
169.414954
169.964954
170.514954
171.064954
171.614954
172.164954
172.714954
173.264954
173.814954
174.364954
174.929754
175.479754
177.614954
178.164954
178.714954
179.264954
179.814954
180.364954
180.914954
181.464954
182.014954
182.564954
183.114954
183.664954
184.214954
184.764954
185.314954
185.864954
186.414954
186.964954
187.514954
188.064954
190.214954
190.764954
191.314954
191.879754
192.414954
192.964954
193.514954
194.064954
194.614954
195.164954
195.714954
196.264954
196.814954
197.364954
197.914954
198.464954
