1.159354
1.709354
2.259354
2.914954
3.464954
4.014954
4.564954
5.114954
6.775700
7.264954
7.814954
8.364954
8.914954
9.464954
10.014954
10.564954
11.129754
11.679754
12.214954
12.764954
13.314954
13.864954
14.414954
16.364954
16.914954
17.464954
18.014954
18.564954
19.114954
19.664954
20.214954
20.764954
21.314954
21.864954
24.014954
24.564954
25.114954
25.664954
27.264954
27.814954
28.364954
28.914954
29.464954
30.029754
31.914954
32.464954
33.014954
35.164954
35.714954
37.329754
37.879754
38.429754
38.979754
39.529754
40.079754
40.629754
41.179754
41.729754
43.314954
43.864954
44.414954
44.964954
45.514954
46.064954
46.614954
47.179754
47.729754
48.279754
48.829754
49.379754
49.944554
50.494554
51.044554
51.579754
52.129754
54.014954
54.564954
55.114954
55.664954
56.214954
56.764954
58.364954
58.914954
59.464954
60.014954
60.564954
61.114954
61.664954
62.214954
62.872357
63.314954
63.864954
64.453797
64.964954
65.514954
66.079754
66.614954
67.164954
67.714954
69.714954
71.314954
71.864954
72.414954
72.964954
73.514954
74.064954
74.614954
75.164954
75.714954
76.264954
76.814954
77.364954
77.914954
78.464954
79.014954
79.564954
80.114954
80.664954
81.214954
81.764954
82.314954
82.864954
83.414954
83.964954
84.514954
85.064954
85.614954
86.164954
86.714954
87.264954
87.814954
88.364954
88.914954
89.464954
90.014954
90.564954
91.114954
91.664954
92.214954
92.764954
93.314954
93.864954
94.429754
94.979754
95.529754
96.079754
96.629754
97.179754
97.729754
98.279754
98.814954
99.364954
99.914954
100.464954
102.064954
102.614954
103.164954
103.714954
104.264954
106.179754
106.729754
107.279754
107.829754
108.379754
108.929754
109.479754
110.029754
110.579754
111.114954
113.279754
113.829754
114.379754
114.929754
115.479754
116.029754
116.579754
117.129754
117.679754
118.229754
118.779754
120.364954
120.914954
121.464954
122.014954
122.579754
123.129754
123.679754
124.229754
126.114954
126.664954
127.214954
127.764954
128.314954
128.864954
131.014954
131.564954
132.114954
132.664954
133.214954
133.764954
135.379754
135.929754
136.479754
138.364954
139.964954
140.514954
141.064954
141.614954
142.164954
144.079754
144.629754
145.179754
145.729754
146.279754
148.414954
148.964954
149.514954
151.114954
151.664954
152.214954
152.764954
154.364954
154.914954
155.464954
156.014954
156.564954
157.114954
157.664954
158.214954
158.764954
159.314954
160.914954
161.464954
162.014954
162.564954
163.114954
163.664954
164.214954
164.764954
165.314954
165.864954
166.414954
168.314954
168.864954
169.414954
169.964954
170.514954
171.064954
171.614954
172.164954
172.714954
173.264954
173.814954
174.364954
174.914954
175.464954
176.014954
176.564954
177.114954
177.664954
178.214954
178.764954
179.314954
179.879754
180.429754
180.979754
181.529754
182.064954
182.614954
183.164954
183.729754
184.279754
184.829754
185.379754
185.929754
186.479754
188.064954
188.614954
189.164954
189.714954
190.264954
190.814954
191.364954
191.914954
192.464954
193.014954
193.579754
194.129754
194.679754
195.229754
195.779754
196.329754
196.879754
197.429754
197.979754
198.529754
199.079754
199.629754
