1.114954
1.664954
2.214954
3.814954
5.664954
6.214954
6.790500
7.314954
7.864954
8.414954
8.964954
9.514954
11.114954
11.664954
13.264954
13.814954
14.364954
14.914954
15.464954
16.014954
17.914954
18.464954
19.014954
19.564954
20.114954
20.664954
21.214954
21.764954
22.314954
22.864954
23.414954
23.964954
24.514954
26.114954
28.014954
28.564954
29.114954
29.664954
30.214954
30.764954
31.314954
33.464954
34.014954
34.564954
35.114954
35.664954
36.214954
36.764954
37.314954
37.864954
38.414954
38.964954
39.514954
40.064954
40.614954
41.164954
41.714954
42.264954
42.814954
43.364954
43.914954
44.464954
45.014954
47.164954
47.714954
48.264954
48.814954
49.364954
49.914954
50.464954
51.014954
51.564954
52.114954
53.714954
54.264954
54.814954
55.364954
55.914954
56.464954
57.014954
57.564954
58.114954
58.664954
59.214954
59.764954
60.314954
60.864954
61.414954
61.964954
62.514954
64.364954
64.914954
65.464954
66.014954
66.564954
67.114954
67.664954
68.214954
68.764954
69.314954
69.864954
70.414954
70.964954
71.514954
72.064954
72.614954
73.164954
73.714954
74.264954
74.814954
75.364954
75.914954
76.464954
77.014954
77.564954
78.114954
78.664954
79.214954
80.814954
81.364954
82.964954
83.514954
84.064954
85.664954
86.214954
86.764954
87.314954
87.864954
88.414954
88.964954
89.514954
90.064954
90.614954
91.164954
91.714954
92.264954
92.814954
94.414954
94.964954
95.514954
96.064954
96.614954
97.164954
97.714954
99.626317
100.164954
102.314954
102.864954
103.414954
103.964954
104.514954
105.064954
105.614954
106.164954
106.714954
107.264954
107.814954
108.364954
108.914954
109.464954
110.014954
112.164954
112.714954
113.264954
113.814954
114.364954
114.914954
115.464954
116.014954
116.564954
117.114954
117.664954
118.214954
118.764954
119.314954
119.864954
120.414954
122.564954
123.114954
123.664954
124.214954
124.764954
125.314954
125.864954
126.414954
126.964954
128.564954
130.164954
130.714954
131.264954
131.814954
133.714954
134.264954
134.814954
135.364954
135.914954
138.064954
138.614954
140.764954
141.314954
141.864954
142.414954
142.964954
143.514954
144.064954
144.614954
145.164954
145.714954
146.264954
146.814954
147.364954
147.914954
148.464954
149.014954
150.614954
151.164954
151.714954
152.264954
152.814954
153.364954
153.914954
155.514954
156.064954
157.964954
158.514954
159.064954
159.614954
160.164954
160.714954
161.264954
161.814954
162.364954
162.914954
163.464954
164.014954
164.564954
165.114954
165.664954
166.214954
166.764954
167.314954
167.864954
168.414954
168.964954
169.514954
170.064954
170.614954
171.164954
171.714954
172.264954
172.814954
173.364954
173.914954
174.464954
175.014954
175.564954
176.114954
176.664954
177.214954
177.764954
178.314954
178.864954
179.414954
179.964954
181.564954
182.114954
183.714954
184.264954
184.814954
185.364954
185.914954
186.464954
187.014954
187.564954
188.114954
188.664954
189.214954
189.764954
190.314954
190.864954
191.414954
191.964954
193.564954
194.114954
194.664954
195.214954
195.764954
196.314954
196.864954
197.414954
197.964954
198.514954
199.064954
199.614954
