1.114954
1.664954
2.214954
2.764954
3.314954
3.864954
4.414954
4.964954
5.514954
6.064954
6.614954
8.164954
8.714954
9.264954
9.814954
10.364954
10.914954
11.464954
12.014954
12.564954
13.114954
13.664954
14.214954
14.764954
16.314954
16.864954
17.414954
17.964954
18.514954
19.064954
19.614954
20.164954
20.714954
21.264954
21.814954
22.364954
22.914954
23.464954
24.014954
24.564954
25.114954
25.664954
26.214954
26.764954
27.314954
27.864954
28.414954
28.964954
30.864954
31.414954
31.964954
32.514954
33.064954
33.614954
34.164954
34.714954
35.264954
35.814954
36.364954
36.914954
37.464954
38.014954
38.564954
39.314954
39.964954
40.514954
41.064954
41.614954
42.164954
44.064954
44.614954
45.164954
45.714954
46.264954
46.814954
47.364954
47.914954
48.464954
49.014954
49.564954
50.114954
50.664954
51.214954
51.764954
52.314954
54.464954
55.014954
58.764954
59.314954
59.864954
60.414954
62.564981
63.115323
63.664954
64.214954
66.364954
66.914954
67.464954
68.014954
68.565323
69.114954
69.664954
70.214954
70.764954
71.314954
72.914954
73.464954
74.014954
74.564954
75.114954
75.664954
76.214954
76.764954
77.314954
77.864954
78.414954
78.964954
79.514954
80.064954
80.614954
81.164954
81.714954
82.264954
82.814954
83.364954
83.914954
84.464954
85.014954
85.565323
86.114954
86.664954
87.214954
88.814954
89.364954
89.914954
90.464954
91.014954
91.564954
92.114954
92.664954
93.214954
93.764954
94.314954
94.864954
95.414954
95.964954
97.564954
98.114954
98.664954
99.214954
99.764954
100.314954
100.864954
101.414954
101.964954
102.514954
103.064954
103.614954
104.164954
104.714954
105.264954
105.814954
107.414954
107.964954
108.514954
109.064954
109.614954
110.164954
110.714954
111.264954
111.814954
112.364954
112.914954
114.514954
115.064954
115.614954
116.164954
116.714954
117.264954
119.164954
119.714954
120.264954
120.814954
121.364954
121.914954
122.464954
123.014954
124.614954
125.164954
126.764954
127.314954
127.864954
128.414954
128.964954
129.514954
130.064954
130.614954
131.164954
131.714954
132.264954
132.814954
133.364954
133.914954
134.464954
136.064954
136.614954
137.164954
137.714954
138.264954
138.814954
139.364954
140.964954
141.514954
142.064954
143.664954
144.214954
144.764954
145.314954
145.864954
146.414954
146.964954
147.514954
148.064954
148.614954
149.164954
149.714954
150.264954
152.164954
152.714954
153.264954
155.414954
155.964954
156.514954
157.064954
159.214954
159.764954
160.314954
160.864954
161.414954
161.964954
162.514954
163.064954
163.614954
165.764954
166.314954
166.864954
168.464954
169.014954
169.564954
170.114954
170.664954
171.214954
171.764954
172.314954
172.864954
173.414954
173.964954
175.864954
176.414954
176.964954
178.564954
179.114954
179.664954
180.214954
180.764954
181.314954
181.864954
183.464954
184.014954
184.564954
185.114954
185.664954
186.214954
186.764954
187.314954
187.864954
188.414954
190.014954
190.564954
191.114954
191.664954
192.214954
194.114954
194.664954
195.214954
195.764954
196.314954
196.864954
199.014954
199.564954
