1.144554
1.694554
3.964954
5.544554
6.094554
6.644554
7.179754
7.729754
8.279754
8.829754
9.379754
11.264954
13.414954
13.964954
14.514954
15.064954
15.614954
16.164954
17.764954
18.314954
18.864954
19.414954
19.964954
20.514954
21.064954
21.614954
22.164954
22.714954
23.264954
23.814954
24.364954
26.264954
27.879754
28.429754
28.979754
29.529754
30.064954
30.614954
31.164954
31.714954
33.314954
33.864954
34.414954
34.964954
35.514954
36.064954
36.614954
37.164954
37.714954
38.264954
38.814954
39.364954
39.914954
40.464954
41.014954
41.564954
42.114954
42.664954
43.214954
43.764954
44.314954
44.864954
45.414954
47.014954
47.564954
48.114954
48.664954
49.214954
49.764954
50.314954
50.864954
51.414954
51.964954
53.864954
54.414954
54.964954
55.514954
56.064954
56.614954
57.179754
57.714954
58.264954
58.814954
59.364954
59.914954
60.464954
61.014954
61.564954
62.114954
62.664954
64.229754
64.779754
65.314954
65.866601
66.414954
66.966601
67.514954
68.064954
68.614954
69.164954
69.714954
70.264954
70.814954
71.364954
71.914954
72.464954
73.014954
73.564954
74.114954
74.664954
75.214954
75.764954
76.314954
76.864954
77.414954
77.964954
78.514954
79.064954
80.964954
83.114954
83.664954
85.814954
86.364954
86.914954
87.464954
88.014954
88.564954
89.114954
89.664954
90.214954
90.764954
91.314954
91.864954
92.414954
94.564954
95.114954
95.664954
96.224517
96.764954
97.314954
97.864954
99.464954
100.014954
100.564954
102.164954
102.714954
103.264954
103.814954
104.364954
104.914954
105.464954
106.014954
106.564954
107.114954
107.664954
108.214954
108.764954
109.314954
109.864954
110.414954
112.014954
112.564954
113.114954
113.664954
114.214954
114.764954
115.314954
115.864954
116.414954
116.964954
117.514954
118.064954
118.614954
119.179754
119.729754
120.279754
120.829754
122.414954
122.964954
123.514954
124.064954
124.629754
125.179754
125.714954
126.264954
126.814954
130.314954
130.864954
131.414954
131.964954
133.564954
134.114954
134.664954
135.214954
135.764954
136.314954
137.914954
138.464954
139.014954
140.614954
141.164954
141.714954
142.264954
142.814954
143.364954
143.914954
144.464954
145.014954
145.564954
146.114954
146.664954
147.214954
147.764954
148.314954
148.864954
150.764954
151.314954
151.864954
152.414954
152.964954
153.514954
155.664954
156.214954
157.814954
158.364954
158.914954
159.464954
160.014954
160.564954
161.114954
161.664954
162.214954
162.764954
163.314954
163.864954
164.414954
164.964954
165.514954
166.064954
166.614954
167.164954
167.714954
168.264954
168.814954
169.364954
169.914954
170.464954
171.014954
171.564954
172.114954
172.664954
173.214954
173.764954
174.314954
174.864954
175.414954
175.964954
176.514954
177.064954
177.614954
178.164954
178.714954
179.264954
179.814954
181.714954
183.864954
184.414954
184.964954
185.514954
186.064954
186.614954
187.164954
187.714954
188.264954
188.814954
189.364954
189.914954
190.464954
191.014954
191.564954
193.714954
194.264954
194.814954
195.364954
195.914954
196.464954
197.014954
197.564954
198.114954
198.664954
199.214954
199.764954
