1.159506
1.815106
3.415106
3.979906
6.109506
6.659506
7.194706
9.315106
14.415106
14.965106
15.515106
19.279906
19.829906
20.379906
20.929906
23.065106
23.615106
25.215106
25.765106
26.315106
26.865106
28.465106
29.015106
29.565106
31.179906
32.765106
33.329906
35.465106
37.065106
40.565106
44.329906
45.915106
47.515106
49.415106
49.965106
50.515106
52.665106
53.215106
54.815106
55.365106
56.965106
57.515106
58.065106
58.615106
59.165106
59.715106
61.315106
64.815106
65.365106
65.915106
66.465106
67.015106
67.565106
68.115106
70.279906
70.829906
71.379906
73.515106
75.679906
76.229906
76.779906
77.329906
77.879906
80.015106
82.165106
83.765106
85.915106
87.515106
89.129906
90.715106
92.615106
93.165106
95.315106
97.465106
98.015106
99.615106
101.215106
101.765106
103.365106
104.965106
105.515106
107.429906
109.565106
111.165106
112.765106
113.315106
115.465106
116.015106
116.565106
117.115106
117.665106
118.215106
123.315106
123.865106
124.415106
124.965106
125.515106
126.065106
126.615106
131.979906
132.515106
133.065106
133.615106
135.779906
137.365106
139.265106
139.815106
141.965106
142.515106
144.115106
144.665106
145.215106
145.765106
147.365106
151.115106
156.229906
156.765106
157.315106
161.065106
163.215106
163.765106
164.315106
166.465106
170.215106
170.765106
171.315106
175.065106
176.665106
177.215106
177.765106
179.365106
180.965106
181.515106
183.115106
183.665106
185.815106
187.415106
189.015106
189.565106
190.115106
191.715106
193.865106
197.065106
