1.159354
1.709354
2.259354
2.809354
3.344554
3.894554
4.994554
7.114954
7.664954
8.164954
8.714954
9.264954
9.814954
10.364954
10.914954
11.464954
12.014954
12.564954
13.114954
13.664954
14.214954
14.764954
15.314954
15.879754
16.429754
16.979754
17.514954
18.064954
20.014954
21.614954
22.164954
23.764954
24.314954
24.864954
25.414954
25.964954
26.514954
27.064954
27.614954
29.514954
30.064954
30.614954
31.164954
33.379754
33.914954
34.464954
35.014954
35.564954
36.114954
36.664954
37.214954
37.764954
38.314954
38.864954
39.417221
39.964954
40.514954
42.614954
43.164954
43.714954
44.264954
44.814954
45.364954
45.914954
46.464954
48.064954
48.614954
49.164954
49.714954
50.264954
50.814954
51.364954
51.914954
52.464954
53.014954
53.564954
55.464954
56.014954
58.164954
58.714954
59.264954
59.814954
60.364954
62.752917
63.064954
63.864954
64.414954
64.964954
65.514954
66.064954
66.614954
67.164954
67.714954
68.264954
68.814954
69.364954
69.914954
70.464954
71.014954
71.564954
72.129754
72.679754
73.229754
73.779754
74.314954
74.864954
75.414954
75.964954
76.514954
77.064954
77.614954
79.514954
80.064954
80.614954
81.164954
81.714954
83.314954
83.864954
84.414954
84.964954
85.514954
86.064954
86.614954
87.164954
87.714954
89.864954
90.414954
90.964954
91.514954
93.114954
93.664954
94.215323
94.764954
95.314954
95.864954
96.414954
96.964954
97.514954
98.064954
98.614954
99.179754
99.729754
100.264954
100.814954
101.364954
101.914954
102.464954
103.014954
103.564954
104.114954
105.714954
106.264954
106.814954
107.364954
107.914954
109.514954
110.064954
110.614954
111.164954
111.714954
112.264954
112.814954
113.364954
113.914954
114.464954
115.014954
115.564954
116.114954
118.014954
118.564954
119.114954
119.664954
120.229754
120.779754
121.314954
123.464954
124.014954
124.564954
125.114954
125.664954
126.214954
129.914954
130.464954
131.014954
131.564954
132.114954
132.664954
133.214954
133.764954
134.314954
134.864954
135.414954
135.964954
136.514954
137.064954
137.614954
138.164954
138.714954
139.264954
139.814954
140.364954
140.914954
141.464954
142.014954
142.564954
143.114954
143.664954
145.814954
146.364954
146.914954
147.464954
148.014954
148.564954
149.114954
149.664954
150.214954
152.364954
152.914954
153.464954
154.014954
154.564954
155.114954
157.264954
159.414954
159.964954
160.514954
161.064954
161.614954
162.164954
162.714954
163.264954
163.814954
164.364954
164.914954
166.514954
167.064954
167.614954
168.164954
168.714954
169.264954
169.814954
170.364954
170.914954
171.464954
172.014954
172.564954
173.114954
173.664954
174.214954
174.764954
175.314954
175.864954
177.464954
178.014954
178.564954
179.114954
179.664954
180.214954
180.764954
181.314954
181.864954
182.414954
182.964954
183.514954
184.064954
184.614954
185.164954
185.714954
186.264954
186.814954
187.364954
187.914954
188.464954
190.064954
190.614954
191.164954
191.714954
192.264954
192.814954
193.364954
193.914954
194.464954
195.014954
195.564954
196.114954
196.664954
197.214954
197.764954
198.329754
