1.159354
1.709354
2.794554
3.344554
3.894554
4.444554
4.979754
6.914954
7.464954
8.014954
8.564954
9.114954
9.664954
10.214954
10.764954
11.314954
11.864954
12.414954
12.964954
13.514954
14.064954
14.614954
16.214954
16.764954
17.314954
17.864954
18.414954
18.964954
19.514954
20.064954
20.614954
21.164954
21.714954
22.264954
23.864954
24.414954
24.964954
25.514954
27.414954
27.964954
28.514954
29.064954
29.614954
30.164954
31.764954
32.314954
32.864954
33.414954
35.014954
35.564954
37.464954
38.014954
38.564954
39.114954
39.664954
40.214954
40.764954
41.314954
43.464954
44.014954
44.564954
45.114954
45.664954
46.214954
46.764954
47.314954
47.864954
48.414954
48.964954
49.514954
50.064954
50.614954
51.164954
51.714954
52.264954
53.864954
54.414954
54.979754
55.529754
56.064954
56.614954
58.514954
59.064954
59.614954
60.164954
60.714954
61.264954
61.814954
62.379754
63.014954
63.740877
64.114954
64.679754
65.229754
65.779754
66.329754
66.879754
67.429754
67.979754
69.564954
71.464954
72.014954
72.564954
73.114954
73.664954
74.214954
74.764954
75.314954
75.864954
76.414954
76.964954
77.514954
78.064954
78.614954
79.164954
79.714954
80.264954
80.814954
81.364954
81.914954
82.464954
83.014954
83.564954
84.114954
84.664954
85.214954
85.764954
86.314954
86.864954
87.414954
87.964954
88.514954
89.064954
89.614954
90.164954
90.714954
91.264954
91.814954
92.364954
92.914954
93.464954
94.014954
94.564954
95.114954
95.664954
96.214954
96.764954
97.329754
97.879754
98.429754
98.964954
99.514954
100.064954
102.214954
102.764954
103.314954
103.864954
104.414954
106.014954
106.564954
107.114954
107.664954
108.214954
108.764954
109.314954
109.864954
110.414954
110.964954
111.514954
113.114954
113.664954
114.214954
114.764954
115.314954
115.864954
116.414954
116.964954
117.514954
118.064954
118.614954
120.514954
121.064954
121.614954
122.164954
122.714954
123.264954
123.814954
124.364954
125.964954
126.514954
127.064954
127.614954
128.179754
128.714954
129.264954
130.879754
131.429754
131.979754
132.529754
133.079754
133.629754
135.514954
136.064954
136.614954
138.214954
140.114954
140.664954
141.214954
141.764954
142.314954
143.914954
144.464954
145.014954
145.564954
146.114954
146.664954
148.264954
148.814954
149.364954
151.279754
151.814954
152.364954
154.514954
155.064954
155.614954
156.164954
156.714954
157.264954
157.814954
158.364954
158.914954
161.064954
161.614954
162.164954
162.714954
163.264954
163.814954
164.364954
164.914954
165.464954
166.014954
166.564954
168.164954
168.714954
169.264954
169.814954
170.364954
170.914954
171.464954
172.014954
172.564954
173.114954
173.664954
174.214954
174.764954
175.314954
175.864954
176.414954
176.964954
177.514954
178.064954
178.614954
179.164954
179.714954
180.264954
180.814954
181.364954
181.914954
182.464954
183.014954
183.564954
184.114954
184.664954
185.214954
185.764954
186.314954
188.214954
188.764954
189.314954
189.864954
190.414954
190.964954
191.514954
192.064954
192.614954
193.164954
193.714954
194.264954
194.814954
195.364954
195.914954
196.464954
197.014954
197.564954
198.114954
198.664954
199.214954
199.764954
