1.665106
3.565106
5.715106
6.265106
6.815106
8.915106
9.465106
11.065106
12.665106
14.265106
14.815106
15.365106
15.915106
17.515106
19.115106
19.665106
20.215106
20.765106
21.315106
23.465106
25.365106
25.915106
26.467849
28.615106
29.165106
32.915106
33.465106
37.215106
40.415106
42.565106
44.165106
47.665106
49.265106
49.815106
50.365106
50.915106
52.515106
53.065106
54.965106
57.115106
57.665106
58.215106
58.765106
59.315106
61.465106
63.065106
64.665106
65.215106
65.765106
66.315106
66.865106
67.415106
67.965106
68.515106
70.115106
70.665106
71.215106
71.765106
73.365106
73.915106
75.515106
76.065106
76.615106
77.165106
77.715106
78.265106
80.415106
85.515106
90.865106
92.465106
93.015106
93.565106
95.165106
95.715106
97.865106
101.365106
105.115106
105.665106
107.265106
107.815106
109.415106
112.915106
113.465106
115.615106
116.165106
116.715106
117.265106
117.815106
119.965106
123.165106
123.715106
124.265106
124.815106
125.365106
125.915106
126.465106
127.015106
128.615106
130.215106
132.365106
132.915106
133.465106
134.015106
135.615106
137.515106
139.115106
139.665106
140.215106
141.815106
142.365106
144.265106
144.815106
145.365106
149.115106
152.865106
156.065106
156.615106
157.165106
157.715106
159.315106
160.915106
163.065106
163.615106
164.165106
164.715106
166.315106
166.865106
168.465106
170.065106
170.615106
171.165106
173.315106
174.915106
176.815106
177.365106
181.115106
183.265106
185.415106
189.165106
189.715106
191.865106
197.215106
198.815106
