1.114954
1.664954
2.214954
2.764954
3.314954
3.864954
4.414954
4.964954
5.514954
6.064954
8.314954
8.864954
9.414954
9.964954
10.514954
11.064954
11.614954
12.164954
12.714954
13.264954
13.814954
14.364954
16.464954
17.014954
17.564954
18.114954
18.664954
19.214954
19.764954
20.314954
20.864954
21.414954
21.964954
22.514954
23.064954
23.614954
24.164954
24.714954
25.264954
25.814954
26.364954
26.914954
27.464954
28.014954
28.564954
29.114954
30.714954
31.264954
31.814954
32.364954
32.914954
33.464954
34.014954
34.564954
35.114954
35.664954
36.214954
36.764954
37.314954
37.864954
38.414954
39.161501
39.806725
40.114954
40.664954
41.214954
41.764954
42.314954
43.914954
44.464954
45.014954
45.564954
46.114954
46.664954
47.214954
47.764954
48.314954
48.864954
49.414954
49.964954
50.514954
51.064954
51.614954
52.164954
52.714954
54.314954
54.864954
55.414954
57.014954
58.614954
59.164954
59.714954
60.264954
60.814954
62.414954
62.964954
63.514954
64.064954
64.614954
66.214954
66.764954
67.314954
67.864954
68.414954
68.964954
69.514954
70.064954
70.614954
71.164954
73.064954
73.614954
74.164954
74.714954
75.264954
75.814954
76.364954
76.914954
77.464954
78.014954
78.564954
79.114954
79.664954
80.214954
80.764954
81.314954
81.864954
82.414954
82.964954
83.514954
84.064954
84.614954
85.164954
85.714954
86.264954
86.814954
88.964954
89.514954
90.064954
90.614954
91.164954
91.714954
92.264954
92.814954
93.364954
93.914954
94.464954
95.014954
95.564954
97.714954
98.264954
98.814954
99.364954
99.914954
100.464954
101.014954
101.564954
102.114954
102.664954
103.214954
103.764954
104.314954
104.864954
105.414954
107.564954
108.114954
108.664954
109.214954
109.764954
110.314954
110.864954
111.414954
111.964954
112.514954
114.664954
115.214954
115.764954
116.314954
116.864954
117.414954
119.014954
119.564954
120.114954
120.664954
121.214954
121.764954
122.314954
122.864954
124.764954
126.914954
127.464954
128.014954
128.564954
129.114954
129.664954
130.214954
130.764954
131.314954
131.864954
132.414954
132.964954
133.514954
134.064954
136.214954
136.764954
137.314954
137.864954
138.414954
138.964954
141.114954
141.664954
143.814954
144.364954
144.914954
145.464954
146.014954
146.564954
147.114954
147.664954
148.214954
148.764954
149.314954
149.864954
150.414954
152.014954
152.564954
153.114954
153.664954
155.264954
155.814954
156.364954
156.914954
157.464954
159.064954
159.614954
160.164954
160.714954
161.264954
161.814954
162.364954
162.914954
163.464954
164.014954
165.614954
166.164954
166.714954
168.614954
169.164954
169.714954
170.264954
170.814954
171.364954
171.914954
172.464954
173.014954
173.564954
174.114954
175.714954
176.264954
176.814954
178.714954
179.264954
179.814954
180.364954
180.914954
181.464954
183.614954
184.164954
184.714954
185.264954
185.814954
186.364954
186.914954
187.464954
188.014954
190.164954
190.714954
191.264954
191.814954
192.364954
193.964954
194.514954
195.064954
195.614954
196.164954
196.714954
197.264954
198.864954
199.414954
199.964954
