1.144706
1.694706
2.244706
2.794706
3.465106
4.015106
5.615106
6.165106
8.065106
8.615106
10.215106
12.129906
14.265106
16.415106
20.165106
21.765106
22.315106
24.465106
26.065106
26.615106
27.165106
27.715106
28.265106
30.165106
32.265106
32.815106
33.365106
34.965106
37.115106
38.715106
39.265133
40.865106
41.415106
41.965106
43.865106
46.015106
47.615106
48.165106
50.065106
50.615106
52.215106
53.815106
55.715106
59.465106
61.615106
62.165106
63.765106
64.315106
67.815106
69.415106
69.965106
70.515106
72.665106
73.215106
75.365106
75.915106
76.465106
78.615106
79.165106
80.779906
81.329906
81.879906
83.765106
85.365106
89.115106
89.665106
91.265106
91.815106
92.365106
92.915106
93.465106
94.031629
94.565106
96.465106
97.015106
99.165106
99.715106
101.315106
101.865106
103.465106
104.015106
104.565106
105.115106
105.665106
107.579906
108.129906
111.865106
112.415106
114.015106
114.565106
115.115106
120.215106
122.365106
123.965106
125.565106
127.715106
129.315106
131.215106
132.815106
133.365106
134.965106
137.115106
140.615106
141.165106
143.315106
143.865106
144.415106
146.029906
148.165106
148.715106
149.265106
150.865106
152.465106
154.365106
154.915106
157.065106
157.615106
159.765106
161.915106
164.065106
164.615106
166.765106
167.315106
169.465106
171.065106
173.215106
175.115106
175.665106
176.215106
176.765106
177.315106
177.865106
180.015106
180.565106
181.115106
186.465106
188.065106
189.665106
190.215106
192.115106
193.715106
194.265106
194.815106
196.729906
198.315106
198.879906
