0.000000
0.000000
0.000000
0.000000
0.000000
0.000000
0.000000
0.000000
0.000000
0.000000
0.000000
0.000000
0.000000
0.000000
0.000000
0.000000
0.000000
0.000000
0.000000
0.000000
0.000000
0.000000
0.000000
0.000000
0.000000
0.000000
0.000000
0.000000
0.000000
0.000000
30.034443
30.034443
30.034443
30.034443
0.000000
0.000000
31.919643
31.919643
0.000000
32.469643
0.000000
0.000000
0.000000
35.169643
35.169643
35.169643
0.000000
0.000000
37.334443
37.334443
0.000000
38.434443
38.869643
38.869643
38.869643
38.869643
38.869643
38.869643
38.869643
38.869643
38.869643
38.869643
38.869643
38.869643
38.869643
38.869643
38.869643
0.000000
38.869643
38.869643
38.869643
39.487291
39.487291
39.487291
39.487291
39.536203
39.487291
39.487291
39.487291
39.487291
39.487291
39.487291
39.487291
39.487291
39.487291
39.487291
39.487291
39.487291
39.487291
39.487291
39.487291
39.487291
39.969643
0.000000
0.000000
0.000000
0.000000
0.000000
0.000000
0.000000
0.000000
0.000000
0.000000
0.000000
0.000000
0.000000
0.000000
0.000000
0.000000
0.000000
0.000000
0.000000
0.000000
0.000000
0.000000
0.000000
0.000000
0.000000
0.000000
0.000000
0.000000
0.000000
0.000000
0.000000
0.000000
0.000000
0.000000
0.000000
0.000000
0.000000
0.000000
0.000000
0.000000
0.000000
0.000000
0.000000
0.000000
0.000000
0.000000
0.000000
0.000000
0.000000
0.000000
0.000000
0.000000
0.000000
0.000000
0.000000
0.000000
0.000000
0.000000
0.000000
0.000000
