0.000000
0.000000
0.000000
0.000000
0.000000
0.000000
0.000000
0.000000
0.000000
0.000000
0.000000
0.000000
0.000000
0.000000
0.000000
0.000000
0.000000
0.000000
0.000000
0.000000
0.000000
0.000000
0.000000
0.000000
0.000000
0.000000
0.000000
0.000000
0.000000
0.000000
0.000000
30.869643
30.869643
30.869643
30.869643
30.869643
0.000000
31.472034
31.472034
31.472034
0.000000
32.519643
0.000000
33.619643
0.000000
34.169643
0.000000
35.269643
0.000000
36.369643
0.000000
37.469643
37.569643
37.569643
37.569643
37.569643
37.569643
37.569643
37.569643
0.000000
38.119643
38.569643
38.669643
0.000000
39.219643
39.219643
39.219643
39.219643
39.219643
39.219643
39.219643
39.219643
39.219643
39.219643
39.219643
39.219643
39.219643
39.219643
39.219643
39.219643
39.219643
0.000000
0.000000
0.000000
0.000000
0.000000
0.000000
0.000000
0.000000
0.000000
0.000000
0.000000
0.000000
0.000000
0.000000
0.000000
0.000000
0.000000
0.000000
0.000000
0.000000
0.000000
0.000000
0.000000
0.000000
0.000000
0.000000
0.000000
0.000000
0.000000
0.000000
0.000000
0.000000
0.000000
0.000000
0.000000
0.000000
0.000000
0.000000
0.000000
0.000000
0.000000
0.000000
0.000000
0.000000
0.000000
0.000000
0.000000
0.000000
0.000000
0.000000
0.000000
0.000000
0.000000
92.119643
92.269643
92.669643
93.069842
0.000000
93.219643
93.219643
93.369643
93.769643
93.769643
93.569842
93.569842
93.569842
93.569842
0.000000
94.169842
94.719842
93.069842
93.369643
93.919643
94.869643
94.869643
93.569842
93.569842
93.569842
93.569842
94.869643
94.469643
94.169842
0.000000
94.719842
93.069842
95.045051
95.419643
95.045051
95.419643
95.419643
93.569842
93.569842
93.569842
93.569842
95.419643
95.045051
94.169842
95.622731
94.719842
93.069842
95.969643
95.622731
95.969643
95.969643
93.569842
0.000000
95.719842
93.569842
93.569842
95.969643
95.622731
95.719842
94.169842
96.319842
96.869842
0.000000
97.119643
97.119643
97.119643
97.119643
97.119643
97.119643
97.569643
97.569643
97.569643
0.000000
98.119643
98.219643
0.000000
99.219643
99.319643
99.569842
99.569842
101.469842
