0.000000
0.000000
0.000000
0.000000
0.000000
0.000000
0.000000
0.000000
0.000000
0.000000
0.000000
0.000000
0.000000
0.000000
0.000000
0.000000
0.000000
0.000000
0.000000
0.000000
0.000000
0.000000
0.000000
0.000000
0.000000
0.000000
0.000000
0.000000
0.000000
0.000000
0.000000
30.883627
30.897467
30.911307
30.925147
30.938987
0.000000
31.486018
31.499858
31.513698
0.000000
32.533627
0.000000
33.633627
0.000000
34.183627
0.000000
35.283627
0.000000
36.383627
0.000000
37.483627
37.583627
37.597467
37.611307
37.625147
37.638987
37.652827
37.666667
0.000000
38.133627
38.583627
38.683627
0.000000
39.233627
39.247467
39.261307
39.275147
39.288987
39.302827
39.316667
39.330507
39.344347
39.372027
39.399707
39.413547
39.427387
39.441227
39.455067
39.468907
39.482747
0.000000
0.000000
0.000000
0.000000
0.000000
0.000000
0.000000
0.000000
0.000000
0.000000
0.000000
0.000000
0.000000
0.000000
0.000000
0.000000
0.000000
0.000000
0.000000
0.000000
0.000000
0.000000
0.000000
0.000000
0.000000
0.000000
0.000000
0.000000
0.000000
0.000000
0.000000
0.000000
0.000000
0.000000
0.000000
0.000000
0.000000
0.000000
0.000000
0.000000
0.000000
0.000000
0.000000
0.000000
0.000000
0.000000
0.000000
0.000000
0.000000
0.000000
0.000000
0.000000
0.000000
92.133627
92.683627
92.697467
93.083969
0.000000
93.233627
93.261307
93.783627
93.825147
93.838987
93.852827
93.866667
93.880507
93.894347
0.000000
94.197809
94.733969
94.883627
94.897467
94.911307
94.925147
94.938987
94.952827
94.966667
94.980507
94.994347
95.008187
95.022027
95.035867
0.000000
95.433627
95.447467
95.461307
95.475147
95.488987
95.502827
95.516667
95.530507
95.544347
95.558187
95.572027
95.585867
95.599707
95.613547
95.983627
95.997467
96.011307
96.038987
96.052827
96.066667
96.080507
96.094347
0.000000
96.108187
96.122027
96.149707
96.163547
96.177387
96.191227
96.205067
96.347809
96.883969
0.000000
97.133627
97.147467
97.161307
97.175147
97.188987
97.202827
97.583627
97.597467
97.611307
0.000000
98.133627
98.233627
0.000000
99.233627
99.333627
99.583969
99.611649
101.497809
