0.000000
0.000000
0.000000
0.000000
0.000000
0.000000
0.000000
0.000000
0.000000
0.000000
0.000000
0.000000
0.000000
0.000000
0.000000
0.000000
0.000000
0.000000
0.000000
0.000000
0.000000
0.000000
0.000000
0.000000
0.000000
0.000000
0.000000
0.000000
0.000000
0.000000
0.000000
0.000000
0.000000
0.000000
0.000000
0.000000
0.000000
0.000000
0.000000
0.000000
0.000000
0.000000
0.000000
0.000000
0.000000
0.000000
0.000000
0.000000
0.000000
0.000000
0.000000
0.000000
0.000000
0.000000
0.000000
0.000000
0.000000
0.000000
0.000000
0.000000
0.000000
0.000000
0.000000
62.433627
62.447467
62.461307
62.475147
62.502827
62.516667
62.530507
62.544347
62.547467
62.558187
62.561307
62.575147
62.585867
62.588987
62.599707
62.602827
62.613547
62.616667
62.627387
62.630507
62.641227
62.644347
62.655067
62.658187
62.668907
62.672027
62.682747
62.685867
62.696587
62.699707
62.710427
62.713547
62.724267
62.727387
62.738107
62.741227
62.755067
62.768907
62.782747
62.796587
62.810427
62.824267
62.838107
62.983627
62.997467
63.083969
63.097809
0.000000
63.111649
63.125489
63.139329
63.167009
63.180849
63.194689
63.208529
63.222369
63.250049
63.263889
63.277729
63.291569
63.319249
63.333089
63.346929
63.360769
63.374609
63.388449
63.402289
63.416129
63.443809
63.457649
63.471489
63.485329
63.499169
63.513009
63.526849
63.534242
63.540689
63.554529
63.582209
63.609889
63.637569
63.665249
63.679089
63.706769
0.000000
64.383627
64.425147
64.438987
64.633627
0.000000
65.354447
65.395967
65.451327
65.465167
65.479007
65.506687
65.520527
65.548207
65.835247
65.849087
65.987487
0.000000
66.248224
66.262064
66.583627
66.597467
67.018287
0.000000
67.333627
67.693584
68.021407
68.035247
0.000000
68.243584
68.433627
68.547809
0.000000
69.533627
69.883627
0.000000
70.157567
70.171407
70.433627
0.000000
71.183627
71.197467
71.783969
72.083627
0.000000
72.633627
73.083627
0.000000
73.183627
73.393727
73.633627
0.000000
74.183627
74.283627
0.000000
75.283627
75.383731
76.083969
76.097809
0.000000
76.383627
76.483731
0.000000
77.197809
77.211649
77.483627
77.583627
77.733969
0.000000
78.133627
0.000000
79.133627
79.147467
79.233627
0.000000
80.233627
80.433969
80.461649
80.833627
0.000000
81.343584
81.383627
0.000000
82.983627
82.988267
0.000000
83.533627
83.538267
0.000000
0.000000
85.183627
85.197467
85.575489
85.603169
85.683627
85.697467
0.000000
86.233627
86.833627
0.000000
87.333627
0.000000
88.433627
88.983627
88.997467
0.000000
89.533627
90.088267
0.000000
90.633627
90.638267
90.883969
90.897809
90.939329
90.967009
90.980849
90.994689
0.000000
91.183627
91.188267
0.000000
92.283627
92.297467
92.833627
0.000000
93.383627
93.397467
93.411307
93.425147
93.438987
93.597809
93.611649
93.667009
93.680849
93.933627
93.947467
93.961307
93.975147
93.988987
94.002827
94.016667
0.000000
94.497467
94.511307
95.059035
95.072875
95.086715
0.000000
95.100555
95.114395
95.128235
95.142075
95.155915
95.169755
95.183595
95.197435
95.211275
95.225115
95.636715
95.650555
95.664395
95.678235
95.692075
95.705915
95.719755
95.733595
95.747435
95.747809
95.761275
95.775489
95.788955
95.802795
95.816635
95.817009
95.830475
0.000000
0.000000
0.000000
0.000000
