0.000000
0.000000
0.000000
0.000000
0.000000
0.000000
0.000000
0.000000
0.000000
0.000000
0.000000
0.000000
0.000000
0.000000
0.000000
0.000000
0.000000
0.000000
0.000000
0.000000
0.000000
0.000000
0.000000
0.000000
0.000000
0.000000
0.000000
0.000000
0.000000
0.000000
0.000000
0.000000
0.000000
0.000000
0.000000
0.000000
0.000000
0.000000
0.000000
0.000000
0.000000
0.000000
0.000000
0.000000
0.000000
0.000000
0.000000
0.000000
0.000000
0.000000
0.000000
0.000000
0.000000
0.000000
0.000000
0.000000
0.000000
0.000000
0.000000
0.000000
0.000000
0.000000
0.000000
62.419643
62.419643
62.419643
62.419643
62.419643
62.419643
62.419643
62.419643
62.519643
62.419643
62.519643
62.519643
62.419643
62.519643
62.419643
62.519643
62.419643
62.519643
62.419643
62.519643
62.419643
62.519643
62.419643
62.519643
62.419643
62.519643
62.419643
62.519643
62.419643
62.519643
62.419643
62.519643
62.419643
62.519643
62.419643
62.519643
62.519643
62.519643
62.519643
62.519643
62.519643
62.519643
62.519643
62.969643
62.969643
38.869643
39.487291
0.000000
63.069842
63.069842
63.069842
39.487291
39.487291
39.487291
39.487291
39.487291
39.487291
63.069842
63.069842
63.069842
39.487291
63.069842
39.487291
39.487291
39.487291
39.969643
63.069842
63.069842
63.069842
63.069842
63.069842
63.069842
63.069842
63.069842
63.069842
63.520257
63.069842
63.069842
63.069842
63.069842
63.069842
63.069842
63.069842
63.069842
0.000000
64.369643
64.369643
64.369643
64.619643
0.000000
39.487291
65.219842
65.219842
65.219842
65.219842
65.219842
65.219842
65.219842
39.536203
39.487291
65.769842
0.000000
66.219643
66.219643
66.569643
66.569643
66.869842
0.000000
67.319643
67.669643
67.969842
67.969842
0.000000
68.219643
68.419643
68.519842
0.000000
69.519643
69.869643
0.000000
70.119842
70.119842
70.419643
0.000000
71.169643
71.169643
71.769842
72.069643
0.000000
72.619643
73.069643
0.000000
73.169643
73.369842
73.619643
0.000000
74.169643
74.269643
0.000000
75.269643
75.369643
76.069842
76.069842
0.000000
76.369643
76.469643
0.000000
77.169842
77.169842
77.469643
77.569643
77.719842
0.000000
78.119643
0.000000
79.119643
79.119643
79.219643
0.000000
80.219643
80.419842
80.419842
80.819643
0.000000
81.319643
81.369643
0.000000
82.969643
82.974283
0.000000
83.519643
83.524283
0.000000
0.000000
85.169643
85.169643
85.519842
85.519842
85.669643
85.669643
0.000000
86.219643
86.819643
0.000000
87.319643
0.000000
88.419643
88.969643
88.969643
0.000000
89.519643
90.074283
0.000000
90.619643
90.624283
90.869842
90.869842
90.869842
90.869842
90.869842
90.869842
0.000000
91.169643
91.174283
0.000000
92.269643
92.119643
92.819643
0.000000
93.369643
93.069842
93.369643
93.219643
93.219643
93.569842
93.569842
93.569842
93.569842
93.919643
93.769643
93.769643
93.569842
93.569842
93.569842
93.569842
0.000000
94.469643
94.169842
94.719842
93.069842
95.045051
0.000000
95.045051
94.869643
94.869643
93.569842
93.569842
93.569842
93.569842
94.869643
95.045051
94.169842
95.622731
94.719842
93.069842
95.622731
95.419643
95.622731
95.419643
95.419643
93.569842
95.719842
93.569842
95.719842
93.569842
95.419643
95.622731
95.719842
94.169842
0.000000
0.000000
0.000000
0.000000
