6.500000
6.500000
6.500000
6.500000
6.500000
6.500000
6.500000
6.677783
6.682480
6.687063
6.691623
6.691703
6.696320
6.700903
6.705463
6.705543
6.710160
6.714743
6.719303
6.719383
6.724000
6.728583
6.733143
6.733223
6.737840
6.742423
6.746983
6.747063
6.751680
6.756263
6.760823
6.760903
6.765520
6.770103
6.774743
7.100000
7.227783
7.232423
7.237063
7.241703
8.100000
8.327783
8.332423
8.337063
8.341703
9.100000
9.427783
9.432423
9.437063
9.441703
10.100000
10.527783
10.532423
10.537063
10.541703
11.100000
11.627783
11.632423
11.637063
11.641703
12.100000
12.177783
12.182423
12.187063
12.191703
13.100000
13.277783
13.282423
13.287063
13.291703
14.100000
14.377783
14.382423
14.387063
14.391703
15.100000
15.477783
15.482423
15.487063
15.491703
16.100000
16.577783
16.582423
16.587063
16.591703
17.100000
17.127783
17.132423
17.137063
17.141703
18.100000
18.227783
18.232423
18.237063
18.241703
19.100000
19.327783
19.332423
19.337063
19.341703
20.100000
20.427783
20.432423
20.437063
20.441703
21.100000
21.527783
21.532423
21.537063
21.541703
22.100000
22.627783
22.632423
22.637063
22.641703
23.100000
23.177783
23.182423
23.187063
23.191703
24.100000
24.277783
24.282423
24.287063
24.291703
25.100000
25.377783
25.382423
25.387063
25.391703
26.100000
26.477783
26.482423
26.487063
26.491703
27.100000
27.577783
27.582423
27.587063
27.591703
28.100000
28.127783
28.132423
28.137063
28.141703
29.100000
29.227783
29.232423
29.237063
29.241703
30.100000
30.327783
30.332423
30.337063
30.341703
31.100000
31.427783
31.432423
31.437063
31.441703
32.100000
32.527783
32.532423
32.537063
32.541703
33.100000
33.627783
33.632423
33.637063
33.641703
34.100000
34.177783
34.182423
34.187063
34.191703
35.100000
35.277783
35.282423
35.287063
35.291703
36.100000
36.377783
36.382423
36.387063
36.391703
37.100000
37.477783
37.482423
37.487063
37.491703
38.100000
38.577783
38.582423
38.587063
38.591703
39.100000
39.127783
39.132423
39.137063
39.141703
40.100000
40.227783
40.232423
40.237063
40.241703
41.100000
41.327783
41.332423
41.337063
41.341703
42.100000
42.427783
42.432423
42.437063
42.441703
43.100000
43.527783
43.533664
43.537063
43.541703
44.100000
44.627783
44.632423
44.637063
44.641703
45.100000
45.177783
45.182423
45.187063
45.191703
46.100000
46.277783
46.282423
46.287063
46.291703
47.100000
47.377783
47.382423
47.387063
47.391703
48.100000
48.477783
48.482423
48.487063
48.491703
49.100000
49.577783
49.582423
49.587063
49.591703
50.100000
50.127783
50.132423
50.137063
50.141703
51.100000
51.227783
51.232423
51.237063
51.241703
52.100000
52.327783
52.332423
52.337063
52.341703
53.100000
53.427783
53.432423
53.437063
53.441703
54.100000
54.527783
54.532423
54.537063
54.541703
55.100000
55.628717
55.632423
55.637063
55.641703
56.100000
56.178717
56.182423
56.187063
56.191703
57.100000
57.277783
57.282423
57.287063
57.291703
58.100000
58.377783
58.382423
58.387063
58.391703
59.100000
59.477783
59.482423
59.487063
59.491703
60.100000
60.577783
60.582423
60.587063
60.591703
61.100000
61.127783
61.132423
61.137063
61.141703
62.100000
62.227783
62.232423
62.237063
62.241703
63.100000
63.327783
63.332423
63.337063
63.341703
64.100000
64.427783
64.432423
64.437063
64.441703
65.100000
65.527783
65.532423
65.537063
65.541703
66.100000
66.627783
66.632423
66.637063
66.641703
67.100000
67.177783
67.182423
67.187063
67.191703
68.100000
68.277783
68.282423
68.287063
68.291703
69.100000
69.377783
69.382423
69.387063
69.391703
70.100000
70.477783
70.482423
70.487063
70.491703
71.100000
71.577783
71.582423
71.587063
71.591703
72.100000
72.127783
72.132423
72.137063
72.141703
73.100000
73.227783
73.232423
73.237063
73.241703
74.100000
74.327783
74.332423
74.337063
74.341703
75.100000
75.427783
75.432423
75.437063
75.441703
76.100000
76.527783
76.532423
76.537063
76.541703
77.100000
77.627783
77.632423
77.637063
77.641703
78.100000
78.177783
78.182423
78.187063
78.191703
79.100000
79.277783
79.282423
79.287063
79.291703
80.100000
80.377783
80.382423
80.387063
80.391703
81.100000
81.477783
81.482423
81.487063
81.491703
82.100000
82.577783
82.582423
82.587063
82.591703
83.100000
83.127783
83.132423
83.137063
83.141703
84.100000
84.227783
84.232423
84.237063
84.241703
85.100000
85.327783
85.332423
85.337063
85.341703
86.100000
86.427783
86.432423
86.437063
86.441703
87.100000
87.527783
87.532423
87.537063
87.541703
88.100000
88.627783
88.632423
88.637063
88.641703
89.100000
89.177783
89.182423
89.187063
89.191703
90.100000
90.277783
90.282423
90.287063
90.291703
91.100000
91.377783
91.382423
91.387063
91.391703
92.100000
92.477783
92.482423
92.487063
92.491703
93.100000
93.577783
93.582423
93.587063
93.591703
94.100000
94.127783
94.132423
94.137063
94.141703
95.100000
95.227783
95.232423
95.237063
95.241703
96.100000
96.327783
96.332423
96.337063
96.341703
97.100000
97.428717
97.433512
97.437063
97.441703
98.100000
98.532423
98.537063
98.541703
98.543517
99.100000
99.628717
99.632423
99.637063
99.641703
