1.144483
1.694483
2.244483
2.794483
3.344483
3.894483
4.444483
4.994483
5.544483
6.094483
6.644483
7.194483
7.744483
8.294483
8.844483
9.394483
9.944483
10.494483
11.044483
11.594483
12.144483
12.694483
13.244483
13.794483
14.344483
14.894483
15.444483
15.994483
16.544483
17.094483
17.644483
18.194483
18.744483
19.294483
19.844483
20.394483
20.944483
21.494483
22.044483
22.594483
23.144483
23.694483
24.244483
24.794483
25.344483
25.894483
26.444483
26.994483
27.544483
28.094483
28.644483
29.194483
29.744483
30.294483
30.844483
31.394483
31.944483
32.494483
33.044483
33.594483
34.144483
34.694483
35.244483
35.794483
36.344483
36.894483
37.444483
37.994483
38.544483
39.094483
39.644483
40.194483
40.744483
41.294483
41.844483
42.394483
42.944483
43.494483
44.044483
44.594483
45.144483
45.694483
46.244483
46.794483
47.344483
47.894483
48.444483
48.994483
49.544483
50.094483
50.644483
51.194483
51.744483
52.294483
52.844483
53.394483
53.944483
54.494483
55.044483
55.594483
56.144483
56.694483
57.244483
57.794483
58.344483
58.894483
59.444483
59.994483
60.544483
61.094483
61.644483
62.194483
62.744483
63.294483
63.844483
64.394483
64.944483
65.494483
66.044483
66.594483
67.144483
67.694483
68.244483
68.794483
69.344483
69.894483
70.444483
70.994483
71.544483
72.094483
72.644483
73.194483
73.744483
74.294483
74.844483
75.394483
75.944483
76.494483
77.044483
77.594483
78.144483
78.694483
79.244483
79.794483
80.344483
80.894483
81.444483
81.994483
82.544483
83.094483
83.644483
84.194483
84.744483
85.294483
85.844483
86.394483
86.944483
87.494483
88.044483
88.594483
89.144483
89.694483
90.244483
90.794483
91.344483
91.894483
92.444483
92.994483
93.544483
94.094483
94.644483
95.194483
95.744483
96.294483
96.844483
97.394483
97.944483
98.494483
99.044483
99.594483
100.144483
100.694483
101.244483
101.794483
102.344483
102.894483
103.444483
103.994483
104.544483
105.094483
105.644483
106.194483
106.744483
107.294483
107.844483
108.394483
108.944483
109.494483
110.044483
110.594483
111.144483
111.694483
112.244483
112.794483
113.344483
113.894483
114.444483
114.994483
115.544483
116.094483
116.644483
117.194483
117.744483
118.294483
118.844483
119.394483
119.944483
120.494483
121.044483
121.594483
122.144483
122.694483
123.244483
123.794483
124.344483
124.894483
125.444483
125.994483
126.544483
127.094483
127.644483
128.194483
128.744483
129.294483
129.844483
130.394483
130.944483
131.494483
132.044483
132.594483
133.144483
133.694483
134.244483
134.794483
135.344483
135.894483
136.444483
136.994483
137.544483
138.094483
138.644483
139.194483
139.744483
140.294483
140.844483
141.394483
141.944483
142.494483
143.044483
143.594483
144.144483
144.694483
145.244483
145.794483
146.344483
146.894483
147.444483
147.994483
148.544483
149.094483
149.644483
150.194483
150.744483
151.294483
151.844483
152.394483
152.944483
153.494483
154.044483
154.594483
155.144483
155.694483
156.244483
156.794483
157.344483
157.894483
158.444483
158.994483
159.544483
160.094483
160.644483
161.194483
161.744483
162.294483
162.844483
163.394483
163.944483
164.494483
165.044483
165.594483
166.144483
166.694483
167.244483
167.794483
168.344483
168.894483
169.444483
169.994483
170.544483
171.094483
171.644483
172.194483
172.744483
173.294483
173.844483
174.394483
174.944483
175.494483
176.044483
176.594483
177.144483
177.694483
178.244483
178.794483
179.344483
179.894483
180.444483
180.994483
181.544483
182.094483
182.644483
183.194483
183.744483
184.294483
184.844483
185.394483
185.944483
186.494483
187.044483
187.594483
188.144483
188.694483
189.244483
189.794483
190.344483
190.894483
191.444483
191.994483
192.544483
193.094483
193.644483
194.194483
194.744483
195.294483
195.844483
196.394483
196.944483
197.494483
198.044483
198.594483
199.144483
199.694483
