0.000000
0.000000
0.000000
0.000000
0.000000
0.000000
0.000000
0.000000
0.000000
0.000000
0.000000
0.000000
0.000000
0.000000
0.000000
0.000000
0.000000
0.000000
0.000000
0.000000
0.000000
0.000000
0.000000
0.000000
0.000000
0.000000
0.000000
0.000000
0.000000
0.000000
0.000000
0.000000
0.000000
0.000000
0.000000
0.000000
0.000000
0.000000
0.000000
0.000000
0.000000
0.000000
0.000000
0.000000
0.000000
0.000000
0.000000
0.000000
0.000000
0.000000
0.000000
0.000000
0.000000
52.322218
52.322263
52.322281
0.000000
53.422218
53.422263
53.422281
0.000000
54.522218
54.522263
54.522281
0.000000
55.622218
55.622263
55.622281
0.000000
56.172218
56.172263
56.172281
0.000000
57.272218
57.272263
57.272281
0.000000
58.372218
58.372263
58.372281
0.000000
59.472218
59.472263
59.472281
0.000000
60.572218
60.572263
60.572281
0.000000
61.122263
61.122281
61.672218
0.000000
62.222218
62.222263
62.222281
0.000000
63.322218
63.322263
63.322281
0.000000
64.422218
64.422263
64.422281
0.000000
65.522218
65.522263
65.522281
0.000000
66.622218
66.622263
66.622281
0.000000
67.172218
67.172263
67.172281
0.000000
68.272218
68.272263
68.272281
0.000000
69.372218
69.372263
69.372281
0.000000
70.472218
70.472263
70.472281
0.000000
71.572218
71.572263
71.572281
0.000000
72.122263
72.122281
72.672218
0.000000
73.222218
73.222263
73.222281
0.000000
74.322218
74.322263
74.322281
0.000000
75.422218
75.422263
75.422281
0.000000
76.522218
76.522263
76.522281
0.000000
77.622218
77.622263
77.622281
0.000000
78.172218
78.172263
78.172281
0.000000
79.272218
79.272263
79.272281
0.000000
80.372218
80.372263
80.372281
0.000000
81.472218
81.472263
81.472281
0.000000
82.572218
82.572263
82.572281
0.000000
83.122263
83.122281
83.672218
0.000000
84.222218
84.222263
84.222281
0.000000
85.322218
85.322263
85.322281
0.000000
86.422218
86.422263
86.422281
0.000000
87.522218
87.522263
87.522281
0.000000
88.622218
88.622263
88.622281
0.000000
89.172218
89.172263
89.172281
0.000000
90.272218
90.272263
90.272281
0.000000
91.372218
91.372263
91.372281
0.000000
92.472218
92.472263
92.472281
0.000000
93.572218
93.572263
93.572281
0.000000
94.122263
94.122281
94.672218
0.000000
95.222218
95.222263
95.222281
0.000000
96.322218
96.322263
96.322281
0.000000
97.422263
97.422281
97.972263
97.986103
0.000000
98.522263
98.522281
98.536103
98.549943
99.072263
99.086103
99.099943
0.000000
99.113783
99.622263
99.622281
99.636103
99.649943
99.663783
99.677623
100.172263
100.186103
100.199943
100.213783
100.227623
100.241463
100.722263
100.736103
100.749943
100.763783
100.777623
100.791463
101.272263
101.286103
101.299943
101.313783
101.327623
101.341463
