0.000000
0.000000
0.000000
0.000000
0.000000
0.000000
0.000000
0.000000
0.000000
0.000000
0.000000
0.000000
0.000000
0.000000
0.000000
0.000000
0.000000
0.000000
0.000000
0.000000
0.000000
0.000000
0.000000
0.000000
0.000000
0.000000
0.000000
0.000000
0.000000
0.000000
0.000000
0.000000
0.000000
0.000000
0.000000
0.000000
0.000000
0.000000
0.000000
0.000000
0.000000
0.000000
0.000000
0.000000
0.000000
0.000000
0.000000
0.000000
0.000000
0.000000
0.000000
0.000000
0.000000
52.299060
52.308346
52.303700
0.000000
53.399060
53.408346
53.403700
0.000000
54.499060
54.508346
54.503700
0.000000
55.599060
55.608346
55.603700
0.000000
56.149060
56.158346
56.153700
0.000000
57.249060
57.258346
57.253700
0.000000
58.349060
58.358346
58.353700
0.000000
59.449060
59.458346
59.453700
0.000000
60.549060
60.558346
60.553700
0.000000
61.108346
61.103700
61.649060
0.000000
62.199060
62.208346
62.203700
0.000000
63.299060
63.308346
63.303700
0.000000
64.399060
64.408346
64.403700
0.000000
65.499060
65.508346
65.503700
0.000000
66.599060
66.608346
66.603700
0.000000
67.149060
67.158346
67.153700
0.000000
68.249060
68.258346
68.253700
0.000000
69.349060
69.358346
69.353700
0.000000
70.449060
70.458346
70.453700
0.000000
71.549060
71.558346
71.553700
0.000000
72.108346
72.103700
72.649060
0.000000
73.199060
73.208346
73.203700
0.000000
74.299060
74.308346
74.303700
0.000000
75.399060
75.408346
75.403700
0.000000
76.499060
76.508346
76.503700
0.000000
77.599060
77.608346
77.603700
0.000000
78.149060
78.158346
78.153700
0.000000
79.249060
79.258346
79.253700
0.000000
80.349060
80.358346
80.353700
0.000000
81.449060
81.458346
81.453700
0.000000
82.549060
82.558346
82.553700
0.000000
83.108346
83.103700
83.649060
0.000000
84.199060
84.208346
84.203700
0.000000
85.299060
85.308346
85.303700
0.000000
86.399060
86.408346
86.403700
0.000000
87.499060
87.508346
87.503700
0.000000
88.599060
88.608346
88.603700
0.000000
89.149060
89.158346
89.153700
0.000000
90.249060
90.258346
90.253700
0.000000
91.349060
91.358346
91.353700
0.000000
92.449060
92.458346
92.453700
0.000000
93.549060
93.558346
93.553700
0.000000
94.108346
94.103700
94.649060
0.000000
95.199060
95.208346
95.203700
0.000000
96.299060
96.308346
96.303700
0.000000
97.408346
97.403700
97.399060
97.403706
0.000000
98.508346
98.503700
97.403700
98.508346
98.499060
97.399060
98.503706
0.000000
98.503706
99.608346
99.603700
98.503700
97.403700
99.608346
99.608346
99.599060
98.499060
97.399060
99.603706
99.603706
99.603706
100.708346
99.603700
98.503700
97.403700
100.708346
100.708346
99.599060
98.499060
97.399060
100.703706
100.703706
100.703706
