0.000000
0.000000
0.000000
0.000000
0.000000
0.000000
0.000000
0.000000
0.000000
0.000000
0.000000
0.000000
0.000000
0.000000
0.000000
0.000000
0.000000
0.000000
0.000000
0.000000
0.000000
0.000000
0.000000
0.000000
0.000000
0.000000
0.000000
0.000000
0.000000
0.000000
0.000000
0.000000
0.000000
0.000000
0.000000
0.000000
0.000000
0.000000
0.000000
0.000000
0.000000
0.000000
0.000000
0.000000
0.000000
0.000000
0.000000
0.000000
0.000000
0.000000
0.000000
0.000000
0.000000
0.000000
0.000000
0.000000
0.000000
0.000000
0.000000
0.000000
0.000000
0.000000
0.000000
0.000000
0.000000
0.000000
0.000000
0.000000
0.000000
0.000000
0.000000
0.000000
0.000000
0.000000
0.000000
0.000000
0.000000
0.000000
0.000000
0.000000
0.000000
0.000000
0.000000
0.000000
0.000000
0.000000
0.000000
0.000000
0.000000
0.000000
0.000000
0.000000
0.000000
0.000000
0.000000
0.000000
0.000000
0.000000
97.422218
97.422237
97.972237
97.986077
0.000000
98.522218
98.522237
98.536077
98.549917
99.072237
99.086077
99.099917
0.000000
99.113757
99.622218
99.622237
99.636077
99.649917
99.663757
99.677597
100.172237
100.186077
100.199917
100.213757
100.227597
100.241437
100.722237
100.736077
100.749917
100.763757
100.777597
100.791437
101.272237
101.286077
101.299917
101.313757
101.327597
101.341437
101.822237
101.836077
101.849917
101.863757
101.877597
101.891437
