0.000000
0.000000
0.000000
0.000000
0.000000
0.000000
0.000000
0.000000
0.000000
0.000000
0.000000
0.000000
0.000000
0.000000
0.000000
0.000000
0.000000
0.000000
0.000000
0.000000
0.000000
0.000000
0.000000
0.000000
0.000000
0.000000
0.000000
0.000000
0.000000
0.000000
0.000000
0.000000
0.000000
0.000000
0.000000
0.000000
0.000000
0.000000
0.000000
0.000000
0.000000
0.000000
0.000000
0.000000
0.000000
0.000000
0.000000
0.000000
0.000000
0.000000
0.000000
0.000000
0.000000
0.000000
0.000000
0.000000
0.000000
0.000000
0.000000
0.000000
0.000000
0.000000
0.000000
0.000000
0.000000
0.000000
0.000000
0.000000
0.000000
0.000000
0.000000
0.000000
0.000000
0.000000
0.000000
0.000000
0.000000
0.000000
0.000000
0.000000
0.000000
0.000000
0.000000
0.000000
0.000000
0.000000
0.000000
0.000000
0.000000
0.000000
0.000000
0.000000
0.000000
0.000000
0.000000
0.000000
0.000000
0.000000
97.399060
97.403706
97.408346
97.403700
0.000000
98.499060
97.399060
98.503706
98.503706
98.508346
98.503700
97.403700
0.000000
98.508346
99.599060
98.499060
97.399060
99.603706
99.603706
99.603706
99.608346
99.603700
98.503700
97.403700
99.608346
99.608346
99.599060
98.499060
97.399060
100.703706
100.703706
100.703706
100.708346
99.603700
98.503700
97.403700
100.708346
100.708346
99.599060
98.499060
97.399060
101.803706
101.803706
101.803706
