0.000000
0.000000
0.000000
0.000000
0.000000
0.000000
0.000000
6.103700
6.108346
6.103700
6.108346
6.103700
6.108346
6.103700
6.108346
6.103700
6.108346
6.103700
6.108346
6.103700
6.108346
6.649060
6.649060
6.649060
6.649060
6.649060
6.649060
6.649060
0.000000
7.199060
7.203700
7.208346
0.000000
8.299060
8.303700
8.308346
0.000000
9.399060
9.403700
9.408346
0.000000
10.499060
10.503700
10.508346
0.000000
11.599060
11.603700
11.608346
0.000000
12.149060
12.153700
12.158346
0.000000
13.249060
13.253700
13.258346
0.000000
14.349060
14.353700
14.358346
0.000000
15.449060
15.453700
15.458346
0.000000
16.549060
16.553700
16.558346
0.000000
17.103700
17.108346
17.649060
0.000000
18.199060
18.203700
18.208346
0.000000
19.299060
19.303700
19.308346
0.000000
20.399060
20.403700
20.408346
0.000000
21.499060
21.503700
21.508346
0.000000
22.599060
22.603700
22.608346
0.000000
23.149060
23.153700
23.158346
0.000000
24.249060
24.253700
24.258346
0.000000
25.349060
25.353700
25.358346
0.000000
26.449060
26.453700
26.458346
0.000000
27.549060
27.553700
27.558346
0.000000
28.103700
28.108346
28.649060
0.000000
29.199060
29.203700
29.208346
0.000000
30.299060
30.303700
30.308346
0.000000
31.399060
31.403700
31.408346
0.000000
32.499060
32.503700
32.508346
0.000000
33.599060
33.603700
33.608346
0.000000
34.149060
34.153700
34.158346
0.000000
35.249060
35.253700
35.258346
0.000000
36.349060
36.353700
36.358346
0.000000
37.449060
37.453700
37.458346
0.000000
38.549060
38.553700
38.558346
0.000000
39.103700
39.108346
39.649060
0.000000
40.199060
40.203700
40.208346
0.000000
41.299060
41.303700
41.308346
0.000000
42.399060
42.403700
42.408346
0.000000
43.499060
43.503700
43.508346
0.000000
44.599060
44.603700
44.608346
0.000000
45.149060
45.153700
45.158346
0.000000
46.249060
46.253700
46.258346
0.000000
47.349060
47.353700
47.358346
0.000000
48.449060
48.453700
48.458346
0.000000
49.549060
49.553700
49.558346
0.000000
50.103700
50.108346
50.649060
0.000000
51.199060
51.203700
51.208346
0.000000
0.000000
0.000000
0.000000
0.000000
0.000000
0.000000
0.000000
0.000000
0.000000
0.000000
0.000000
0.000000
0.000000
0.000000
0.000000
0.000000
0.000000
0.000000
0.000000
0.000000
0.000000
0.000000
0.000000
0.000000
0.000000
0.000000
0.000000
0.000000
0.000000
0.000000
0.000000
0.000000
0.000000
0.000000
0.000000
0.000000
0.000000
0.000000
0.000000
0.000000
0.000000
0.000000
0.000000
0.000000
0.000000
0.000000
0.000000
