72.000000
72.000000
72.000000
72.100000
73.100000
74.100000
74.483977
74.511657
74.525497
74.539337
74.553177
74.580857
74.608537
74.650057
75.100000
76.100000
77.100000
78.100000
79.100000
80.100000
80.947817
80.961657
81.044697
81.058537
81.086217
81.100000
81.113897
81.127737
81.141577
81.169257
81.183097
81.210777
81.224617
81.238457
81.252297
81.266137
81.293817
81.307657
81.321497
81.335337
81.349177
81.363017
81.376857
81.525497
81.539337
81.567017
81.636217
81.691577
81.733097
81.746937
81.760777
81.774617
