87.000000
87.000000
87.000000
87.000000
87.000000
87.000000
87.000000
87.000000
87.000000
87.000000
87.100000
87.233977
87.247817
87.261657
87.275497
87.289337
87.303177
87.344697
87.372377
87.413897
87.427737
87.455417
87.469257
87.483097
87.524617
87.538457
87.566137
87.607657
87.621497
87.635337
87.649177
87.676857
87.690697
87.704537
87.718377
87.732217
87.746057
87.759897
87.787577
88.100000
89.100000
89.961657
90.003177
90.030857
90.072377
90.100000
90.127737
90.155417
90.169257
90.183097
90.196937
90.293817
90.321497
90.335337
90.349177
90.363017
90.376857
90.390697
90.432217
91.100000
