6.500000
6.500000
6.500000
6.500000
6.500000
6.500000
6.500000
6.500000
6.500000
6.500000
6.500000
6.500000
6.500000
6.500000
6.500000
6.500000
6.500000
6.500000
6.500000
6.500000
6.667713
6.681553
6.695393
6.833969
6.847809
6.861649
6.875489
6.889329
6.903169
6.917009
7.100000
7.217713
7.241677
7.425489
7.843584
7.857424
7.871264
7.885104
7.898944
7.912784
7.926624
7.940464
8.100000
8.317713
8.341677
8.407424
9.100000
9.402913
9.441677
10.043584
10.100000
10.541677
10.593584
10.633627
11.100000
11.183627
11.641677
11.693584
12.100000
12.191677
12.243584
12.843584
13.100000
13.291677
13.883627
13.933627
14.100000
14.125489
14.153169
14.167009
14.180849
14.194689
14.391677
14.483627
14.983731
15.100000
15.491677
15.533627
15.583627
15.697809
15.711649
15.725489
16.100000
16.133627
16.591677
16.633627
17.100000
17.233627
17.326047
17.691677
17.733627
18.100000
18.241677
18.283627
18.333627
19.100000
19.341677
19.383627
19.443584
20.100000
20.441677
20.483627
20.543584
21.100000
21.333969
21.347809
21.361649
21.375489
21.541677
21.583627
22.100000
22.133627
22.641677
23.100000
23.191677
23.233627
23.247467
23.261307
23.525489
23.539329
23.783627
24.033969
24.100000
24.291677
24.333627
25.100000
25.383627
25.391677
25.397467
25.433627
26.100000
26.183969
26.197809
26.211649
26.483627
26.491677
26.533627
27.100000
27.583627
27.591677
27.633627
28.100000
28.133627
28.183627
28.691677
29.100000
29.241677
29.283627
30.100000
30.341677
30.383627
30.583627
30.597467
31.100000
31.133627
31.441677
31.483627
32.100000
32.233627
32.541677
32.583627
33.100000
33.133627
33.152297
33.166137
33.193817
33.207657
33.221497
33.235337
33.333627
33.641677
33.702297
34.100000
34.191677
34.233627
34.433627
34.816137
35.100000
35.291677
35.333627
36.083627
36.100000
36.391677
36.397809
36.411649
