52.100000
52.322218
52.322263
52.322281
53.100000
53.422218
53.422263
53.422281
54.100000
54.522218
54.522263
54.522281
55.100000
55.622218
55.622263
55.622281
56.100000
56.172218
56.172263
56.172281
57.100000
57.272218
57.272263
57.272281
58.100000
58.372218
58.372263
58.372281
59.100000
59.472218
59.472263
59.472281
60.100000
60.572218
60.572263
60.572281
61.100000
61.122263
61.122281
61.672218
62.100000
62.222218
62.222263
62.222281
63.100000
63.322218
63.322263
63.322281
64.100000
64.422218
64.422263
64.422281
65.100000
65.522218
65.522263
65.522281
66.100000
66.622218
66.622263
66.622281
67.100000
67.172218
67.172263
67.172281
68.100000
68.272218
68.272263
68.272281
69.100000
69.372218
69.372263
69.372281
70.100000
70.472218
70.472263
70.472281
71.100000
71.572218
71.572263
71.572281
72.100000
72.122263
72.122281
72.672218
73.100000
73.222218
73.222263
73.222281
74.100000
74.322218
74.322263
74.322281
75.100000
75.422218
75.422263
75.422281
76.100000
76.522218
76.522263
76.522281
77.100000
77.622218
77.622263
77.622281
78.100000
78.172218
78.172263
78.172281
79.100000
79.272218
79.272263
79.272281
80.100000
80.372218
80.372263
80.372281
81.100000
81.472218
81.472263
81.472281
82.100000
82.572218
82.572263
82.572281
83.100000
83.122263
83.122281
83.672218
84.100000
84.222218
84.222263
84.222281
85.100000
85.322218
85.322263
85.322281
86.100000
86.422218
86.422263
86.422281
87.100000
87.522218
87.522263
87.522281
88.100000
88.622218
88.622263
88.622281
89.100000
89.172218
89.172263
89.172281
90.100000
90.272218
90.272263
90.272281
91.100000
91.372218
91.372263
91.372281
92.100000
92.472218
92.472263
92.472281
93.100000
93.572218
93.572263
93.572281
94.100000
94.122263
94.122281
94.672218
95.100000
95.222218
95.222263
95.222281
96.100000
96.322218
96.322263
96.322281
