1.129754
1.679754
2.229754
2.764954
3.314954
3.864954
4.414954
5.114954
7.264954
7.814954
8.364954
8.929754
9.479754
10.014954
10.564954
11.114954
11.664954
12.214954
12.764954
13.314954
13.864954
14.414954
14.964954
15.514954
16.064954
16.614954
17.164954
17.714954
18.264954
19.864954
21.764954
23.914954
24.464954
25.014954
25.564954
26.114954
26.664954
27.214954
27.764954
29.364954
29.914954
30.464954
31.014954
31.564954
33.217820
33.714954
34.264954
34.814954
35.364954
35.914954
36.464954
37.014954
37.564954
38.114954
38.664954
39.214954
41.164954
41.714954
42.264954
42.814954
44.414954
44.964954
46.864954
47.414954
47.964954
48.529754
49.079754
49.614954
50.164954
50.714954
51.264954
53.414954
53.964954
54.514954
55.064954
55.614954
56.164954
56.714954
57.264954
57.814954
58.364954
58.914954
59.464954
60.014954
60.564954
61.114954
61.664954
62.214954
62.764954
64.914954
66.514954
67.064954
68.964954
69.514954
70.064954
70.614954
71.164954
71.714954
72.264954
72.814954
73.364954
73.914954
74.464954
75.014954
75.564954
76.114954
76.664954
77.214954
77.764954
78.314954
78.864954
79.414954
79.964954
81.564954
82.114954
82.664954
83.214954
83.764954
84.314954
84.864954
86.464954
87.014954
87.564954
88.114954
88.664954
89.214954
89.764954
90.314954
90.864954
91.414954
91.964954
92.514954
93.079754
93.614954
94.164954
94.714954
95.264954
95.814954
96.364954
96.914954
97.464954
100.964954
101.514954
102.064954
102.614954
103.164954
103.714954
104.264954
104.814954
105.364954
105.914954
106.464954
107.014954
107.564954
108.114954
108.664954
109.214954
109.764954
110.314954
110.864954
111.414954
111.964954
112.514954
113.064954
113.614954
114.164954
114.714954
115.264954
115.814954
116.364954
116.914954
117.464954
118.014954
119.614954
120.164954
120.714954
121.264954
121.814954
122.364954
122.914954
123.464954
124.014954
124.564954
125.114954
125.664954
126.214954
126.764954
127.314954
129.214954
129.764954
130.314954
130.864954
131.414954
131.964954
134.114954
134.664954
135.214954
135.764954
136.314954
136.864954
137.414954
137.964954
138.514954
139.064954
139.614954
140.164954
140.714954
141.264954
141.814954
142.364954
142.914954
143.464954
144.014954
144.564954
145.129754
147.279754
147.829754
149.414954
149.964954
150.529754
151.079754
151.614954
152.164954
152.714954
153.264954
153.814954
154.364954
154.914954
155.464954
156.014954
156.564954
157.114954
157.664954
158.214954
159.814954
160.364954
160.914954
162.814954
163.364954
163.914954
164.464954
165.014954
165.564954
167.729754
168.279754
168.814954
169.364954
169.914954
170.464954
171.014954
171.564954
172.114954
172.664954
173.214954
173.764954
174.314954
174.864954
177.014954
177.564954
178.114954
178.664954
179.214954
179.764954
180.314954
180.864954
181.414954
181.964954
182.529754
183.079754
183.614954
184.164954
184.714954
185.264954
185.814954
186.364954
186.914954
187.464954
188.014954
188.564954
189.114954
189.664954
190.214954
190.764954
191.314954
191.864954
192.414954
192.964954
193.514954
194.064954
194.614954
195.164954
195.714954
196.264954
196.829754
197.379754
197.929754
198.464954
199.014954
199.564954
