1.114954
1.664954
2.214954
3.814954
5.664954
6.214954
6.790500
7.314954
7.864954
8.414954
8.964954
9.514954
11.114954
11.664954
13.264954
13.814954
14.364954
14.914954
15.464954
16.014954
17.914954
18.464954
19.014954
19.564954
20.114954
20.664954
21.214954
21.764954
22.314954
22.864954
23.414954
23.964954
24.514954
26.114954
28.014954
28.564954
29.114954
29.664954
30.214954
30.764954
31.314954
33.464954
34.014954
34.564954
35.114954
35.664954
36.214954
36.764954
37.314954
37.864954
38.414954
38.964954
39.514954
40.064954
40.614954
41.164954
41.714954
42.264954
42.814954
43.364954
43.914954
44.464954
45.014954
45.564954
46.114954
46.664954
47.214954
47.764954
48.314954
48.864954
49.414954
51.564954
52.114954
52.664954
53.214954
53.764954
54.314954
54.864954
55.414954
55.964954
56.514954
57.064954
57.614954
58.164954
58.714954
59.264954
59.814954
60.364954
60.914954
61.464954
62.014954
62.564954
63.114954
63.664954
64.239957
64.764954
65.314954
65.864954
66.414954
66.964954
67.514954
68.064954
68.614954
69.164954
69.714954
70.264954
70.814954
71.364954
71.914954
72.464954
73.014954
73.564954
74.114954
74.664954
76.264954
76.814954
77.364954
77.914954
78.464954
79.014954
79.564954
80.114954
80.664954
81.214954
81.764954
82.314954
82.864954
83.414954
83.964954
84.514954
85.064954
85.614954
86.164954
86.714954
87.264954
87.814954
88.364954
88.914954
89.464954
90.014954
90.564954
91.114954
92.714954
93.264954
93.814954
94.364954
94.914954
96.514954
97.064954
97.614954
98.164954
98.714954
99.264954
99.814954
100.364954
100.914954
101.464954
102.014954
102.564954
103.114954
103.664954
104.214954
104.764954
105.314954
105.864954
106.414954
106.964954
107.514954
108.064954
108.614954
110.514954
111.064954
111.614954
112.164954
112.714954
113.264954
113.814954
114.364954
114.914954
115.464954
116.014954
116.564954
117.114954
117.664954
119.264954
119.814954
120.364954
120.914954
121.464954
122.014954
123.614954
125.214954
125.764954
126.314954
126.864954
127.414954
127.964954
128.514954
129.064954
129.614954
130.164954
130.714954
131.264954
131.814954
132.364954
132.914954
133.464954
134.014954
134.564954
135.114954
135.664954
136.214954
136.764954
137.314954
137.864954
138.414954
138.964954
139.514954
140.064954
140.614954
142.514954
143.064954
143.614954
144.164954
144.714954
145.264954
145.814954
146.364954
146.914954
147.464954
148.014954
148.564954
149.114954
149.664954
150.214954
150.764954
151.314954
151.864954
154.014954
154.564954
155.114954
156.714954
157.264954
157.814954
158.364954
158.914954
159.464954
160.014954
160.564954
161.114954
161.664954
162.214954
162.764954
163.314954
164.914954
165.464954
166.014954
166.564954
167.114954
167.664954
168.214954
168.764954
169.314954
169.864954
170.414954
170.964954
171.514954
172.064954
173.664954
174.214954
174.764954
175.314954
175.864954
176.414954
176.964954
177.514954
178.064954
178.614954
179.164954
179.714954
180.264954
180.814954
181.364954
181.914954
182.464954
183.014954
183.564954
184.114954
184.664954
185.214954
185.764954
186.314954
186.864954
187.414954
187.964954
188.514954
189.064954
189.614954
190.164954
190.714954
191.264954
191.814954
192.364954
192.914954
193.464954
194.014954
194.564954
195.114954
195.664954
196.214954
198.114954
198.664954
199.214954
199.764954
