1.144706
1.694706
2.244706
2.794706
3.465106
4.015106
5.615106
6.165106
8.065106
8.615106
10.215106
12.129906
14.265106
16.415106
20.165106
21.765106
22.315106
24.465106
26.065106
26.615106
27.165106
27.715106
28.265106
30.165106
32.265106
32.815106
33.365106
34.965106
35.515106
36.065106
36.615106
38.215106
43.329906
43.879906
44.429906
44.979906
46.565106
48.165106
48.715106
49.265106
49.815106
51.715106
53.315106
55.215106
55.765106
56.315106
57.915106
58.465106
61.965106
64.115106
64.665106
65.215106
66.815106
68.429906
70.015106
70.565106
74.065106
74.615133
75.165106
75.715106
76.265106
77.865106
78.415106
78.965106
79.515106
81.415106
83.015106
83.565106
85.165106
87.315106
90.515106
92.415106
94.015106
94.565106
96.465106
98.615106
99.165106
99.715106
100.265106
100.815106
102.965106
103.515106
105.115106
107.015106
110.229906
113.715106
115.865106
116.415106
116.965106
117.515106
121.265106
123.415106
126.629906
127.179906
127.729906
129.865106
130.415106
130.965106
132.565106
133.115106
133.665106
135.265106
135.815106
137.415106
137.965106
138.515106
139.065106
139.615106
141.515106
143.129906
143.679906
145.265106
145.815106
149.315106
149.865106
151.465106
152.015106
152.565106
154.465106
156.065106
156.615106
157.165106
157.715106
161.215106
161.765106
163.915106
164.465106
165.015106
165.565106
166.115106
166.665106
167.215106
168.815106
169.365106
171.515106
172.065106
175.565106
176.115106
177.715106
178.265106
178.815106
179.365106
179.915106
180.465106
181.015106
184.515106
186.665106
187.215106
190.965106
191.515106
192.065106
192.615106
193.165106
193.715106
195.315106
195.865106
199.615106
