1.144554
1.694554
3.964954
5.544554
6.094554
6.644554
7.179754
7.729754
8.279754
8.829754
9.379754
11.264954
13.414954
13.964954
14.514954
15.064954
15.614954
16.164954
17.764954
18.314954
18.864954
19.414954
19.964954
20.514954
21.064954
21.614954
22.164954
22.714954
23.264954
23.814954
24.364954
26.264954
27.879754
28.429754
28.979754
29.529754
30.064954
30.614954
31.164954
31.714954
33.314954
33.864954
34.414954
34.964954
35.514954
36.064954
36.614954
37.164954
37.714954
38.264954
38.814954
39.364954
39.914954
40.464954
41.014954
41.564954
42.114954
42.664954
43.214954
43.764954
44.314954
44.864954
45.414954
45.964954
46.514954
47.064954
47.614954
48.164954
48.714954
49.264954
49.814954
51.414954
51.964954
52.514954
53.064954
53.614954
54.164954
54.714954
55.264954
55.814954
56.364954
56.914954
57.464954
58.014954
58.564954
59.114954
59.664954
60.214954
60.764954
61.314954
61.864954
62.414954
62.964954
63.514954
64.064954
64.614954
65.164954
65.714954
66.264954
66.814954
67.364954
67.914954
68.464954
69.014954
69.564954
70.114954
70.664954
71.214954
71.764954
72.314954
72.864954
73.414954
73.964954
74.514954
76.414954
76.964954
77.514954
78.064954
78.614954
79.164954
79.714954
80.264954
80.814954
81.364954
81.914954
82.464954
83.014954
83.564954
84.114954
84.664954
85.214954
85.764954
86.314954
86.864954
87.414954
87.964954
88.514954
89.064954
89.614954
90.164954
90.714954
92.864954
93.414954
93.964954
94.514954
96.664954
97.214954
97.764954
98.314954
98.864954
99.414954
99.964954
100.514954
101.064954
101.614954
102.164954
102.714954
103.264954
103.814954
104.364954
104.914954
105.464954
106.014954
106.564954
107.114954
107.664954
108.214954
108.764954
110.364954
110.914954
111.464954
112.014954
112.564954
113.114954
113.664954
114.214954
114.764954
115.314954
115.864954
116.414954
116.964954
117.514954
119.429754
119.979754
120.529754
121.079754
121.614954
125.364954
125.914954
126.464954
127.014954
127.564954
128.114954
128.664954
129.214954
129.764954
130.314954
130.864954
131.414954
131.964954
132.514954
133.064954
133.614954
134.164954
134.714954
135.264954
135.814954
136.364954
136.914954
137.464954
138.014954
138.564954
139.114954
139.664954
140.214954
140.764954
142.364954
142.914954
143.464954
144.014954
144.564954
145.114954
145.664954
146.214954
146.764954
147.314954
147.864954
148.414954
148.964954
149.514954
150.064954
150.614954
151.164954
151.714954
152.264954
153.864954
154.414954
154.964954
156.864954
157.414954
157.964954
158.514954
159.064954
159.614954
160.164954
160.714954
161.264954
161.814954
162.364954
162.914954
165.064954
165.614954
166.164954
166.714954
167.264954
167.814954
168.364954
168.914954
169.464954
170.014954
170.564954
171.114954
171.664954
173.814954
174.364954
174.914954
175.464954
176.014954
176.564954
177.114954
177.664954
178.214954
178.764954
179.314954
179.864954
180.414954
180.964954
181.514954
182.064954
182.614954
183.164954
183.714954
184.264954
184.814954
185.364954
185.914954
186.464954
187.014954
187.564954
188.114954
188.664954
189.214954
189.764954
190.314954
190.864954
191.414954
191.964954
192.514954
193.064954
193.614954
194.164954
194.714954
195.264954
195.814954
196.364954
197.964954
198.514954
199.064954
199.614954
