1.159354
1.709354
2.794554
3.344554
3.894554
4.444554
4.979754
6.914954
7.464954
8.014954
8.564954
9.114954
9.664954
10.214954
10.764954
11.314954
11.864954
12.414954
12.964954
13.514954
14.064954
14.614954
16.214954
16.764954
17.314954
17.864954
18.414954
18.964954
19.514954
20.064954
20.614954
21.164954
21.714954
22.264954
23.864954
24.414954
24.964954
25.514954
27.414954
27.964954
28.514954
29.064954
29.614954
30.164954
31.764954
32.314954
32.864954
33.414954
35.014954
35.564954
36.114954
36.679754
37.229754
37.779754
38.314954
38.864954
39.414954
39.964954
40.514954
41.064954
41.614954
42.164954
42.714954
43.264954
43.814954
44.364954
46.264954
46.814954
47.364954
47.914954
48.464954
49.014954
49.564954
50.114954
50.679754
51.229754
51.764954
52.314954
52.864954
53.429754
53.979754
54.529754
55.079754
55.629754
57.214954
57.764954
58.314954
58.864954
59.414954
59.964954
61.864954
63.464954
64.014954
65.914954
66.464954
67.014954
67.564954
69.164954
69.714954
70.264954
70.814954
71.364954
71.914954
73.514954
74.064954
75.664954
76.214954
76.764954
77.314954
77.864954
78.414954
78.964954
79.514954
81.114954
81.664954
82.214954
82.764954
83.314954
83.864954
84.414954
84.964954
85.514954
86.079754
86.614954
87.164954
87.714954
88.264954
88.814954
89.364954
89.914954
90.464954
91.014954
91.564954
92.114954
92.664954
93.214954
93.764954
94.314954
94.864954
95.414954
95.964954
96.514954
97.064954
97.614954
98.164954
98.714954
99.264954
100.864954
101.414954
101.964954
102.514954
103.064954
103.614954
104.164954
104.714954
105.264954
105.814954
106.364954
106.914954
107.464954
108.014954
108.564954
109.114954
109.664954
110.214954
110.764954
114.264954
114.814954
115.364954
115.914954
116.464954
117.014954
117.564954
118.114954
118.664954
119.214954
120.814954
121.364954
121.914954
122.464954
123.014954
123.579754
124.114954
124.664954
125.214954
125.764954
127.664954
128.214954
128.764954
129.314954
129.864954
130.414954
130.964954
133.114954
133.664954
134.214954
134.764954
135.314954
135.864954
136.414954
138.564954
139.114954
139.664954
140.214954
140.764954
141.314954
141.864954
143.479754
145.064954
145.614954
146.164954
146.714954
147.294554
147.844554
148.379754
148.929754
149.464954
150.014954
150.564954
151.114954
153.014954
153.564954
154.114954
154.664954
155.214954
155.764954
156.314954
156.864954
157.414954
157.964954
158.514954
159.064954
159.614954
160.164954
160.714954
162.314954
162.864954
163.414954
163.979754
164.529754
165.064954
165.614954
166.164954
166.714954
168.314954
169.929754
170.479754
172.364954
172.914954
173.464954
174.014954
174.564954
175.114954
175.664954
176.214954
176.764954
177.314954
177.864954
178.414954
178.964954
181.114954
181.664954
182.214954
182.764954
183.314954
183.864954
184.414954
184.964954
185.514954
186.064954
186.614954
187.164954
187.714954
188.264954
188.814954
189.364954
189.914954
190.464954
191.014954
191.564954
192.114954
192.664954
193.214954
195.364954
195.914954
196.464954
197.014954
197.564954
198.114954
198.664954
199.214954
199.764954
