1.129906
1.679906
2.229906
3.315106
3.865106
5.765106
6.315106
7.915106
8.429906
10.365106
11.965106
12.515106
14.115106
16.265106
16.815106
18.415106
20.015106
21.915106
24.065106
26.215106
26.765106
27.315106
27.865106
28.415106
30.015106
30.565106
32.115106
32.665106
33.215106
35.129906
35.679906
36.229906
41.565106
43.165106
43.715106
44.265106
44.815106
48.329906
48.879906
49.429906
49.979906
51.579906
53.465106
55.065106
55.615106
56.165106
58.065106
58.615106
60.215106
62.365106
63.965106
64.465106
65.015106
70.165106
70.715106
73.915106
74.465106
75.015106
75.565106
76.115106
78.015106
78.565106
79.115106
79.665106
81.265106
83.165106
85.315106
90.665106
92.265106
94.165106
94.715106
96.315106
96.865106
98.465106
99.015106
99.565106
100.115106
100.665106
101.215106
102.815106
103.365106
105.265106
106.865106
110.365106
111.965106
113.565106
114.115106
115.715106
116.265106
116.815106
117.365106
121.115106
121.665106
123.265106
126.765106
127.315106
129.465106
130.015106
130.565106
132.715106
133.265106
135.415106
137.565106
138.115106
138.665106
139.215106
139.765106
141.365106
143.265106
145.415106
147.565106
149.165106
149.715106
151.615106
152.165106
152.715106
154.315106
156.215106
156.765106
157.315106
157.865106
159.479906
161.615106
162.165106
164.315106
164.865106
165.415106
165.965106
166.515106
167.065106
168.965106
171.115106
171.665106
173.815106
175.415106
175.965106
177.865106
178.415106
178.965106
179.515106
180.065106
180.615106
181.165106
184.365106
184.915106
186.515106
187.065106
187.615106
190.815106
191.365106
191.915106
192.465106
193.015106
193.565106
195.465106
196.015106
