1.159354
1.709354
2.259354
2.914954
3.464954
4.014954
4.564954
5.114954
6.775700
7.264954
7.814954
8.364954
8.914954
9.464954
10.014954
10.564954
11.129754
11.679754
12.214954
12.764954
13.314954
13.864954
14.414954
16.364954
16.914954
17.464954
18.014954
18.564954
19.114954
19.664954
20.214954
20.764954
21.314954
21.864954
24.014954
24.564954
25.114954
25.664954
27.264954
27.814954
28.364954
28.914954
29.464954
30.029754
31.914954
32.464954
33.014954
35.164954
35.714954
36.264954
36.814954
37.364954
37.914954
38.464954
39.014954
39.564954
40.114954
40.664954
41.214954
41.764954
42.314954
42.864954
43.414954
43.964954
44.514954
46.129754
46.679754
47.229754
47.779754
48.344554
48.894554
49.444554
49.994554
50.514954
51.064954
51.614954
52.164954
52.714954
53.264954
53.814954
54.364954
54.914954
55.464954
57.364954
57.914954
58.464954
59.014954
59.564954
60.114954
61.714954
63.614954
64.164954
65.764954
66.314954
66.864954
67.414954
69.314954
69.864954
70.414954
70.964954
71.514954
73.664954
75.814954
76.364954
76.914954
77.464954
78.029754
78.579754
79.129754
81.279754
81.829754
82.364954
82.914954
83.464954
84.014954
84.564954
85.114954
85.664954
86.214954
86.764954
87.314954
87.864954
88.414954
88.964954
89.514954
90.064954
90.614954
91.164954
91.714954
92.279754
92.829754
93.364954
93.914954
94.464954
95.014954
95.564954
96.114954
96.664954
97.214954
97.764954
98.314954
98.864954
101.014954
101.564954
102.114954
102.664954
103.214954
103.764954
104.314954
104.864954
105.414954
105.964954
106.514954
107.064954
107.614954
108.164954
108.714954
109.264954
109.814954
110.379754
110.914954
112.514954
114.129754
114.664954
115.214954
115.764954
116.314954
116.864954
117.414954
117.964954
118.514954
119.064954
120.964954
121.514954
122.064954
122.614954
123.164954
123.714954
124.264954
124.814954
125.364954
125.914954
127.514954
128.064954
128.614954
129.164954
129.714954
130.264954
130.814954
131.364954
132.964954
133.514954
134.064954
134.614954
135.164954
135.714954
136.264954
136.814954
138.429754
138.979754
139.529754
140.079754
140.629754
141.179754
141.714954
145.214954
145.764954
146.314954
146.864954
147.414954
147.964954
148.514954
149.064954
149.614954
150.164954
150.714954
151.264954
152.864954
153.414954
153.964954
154.514954
155.064954
155.614954
156.164954
156.729754
157.279754
157.829754
158.379754
158.929754
159.494554
160.029754
160.579754
162.464954
163.014954
163.564954
164.114954
164.664954
165.214954
165.764954
166.314954
170.064954
170.614954
172.229754
172.764954
173.314954
173.864954
174.414954
174.964954
175.514954
176.064954
176.614954
177.164954
177.714954
178.264954
178.814954
179.364954
180.964954
181.514954
182.064954
182.614954
183.164954
183.714954
184.264954
184.814954
185.364954
185.914954
186.464954
187.014954
187.564954
188.114954
188.664954
189.229754
189.764954
190.314954
190.864954
191.414954
191.964954
192.514954
193.064954
193.614954
195.214954
195.764954
196.314954
196.864954
197.414954
197.964954
198.514954
199.064954
199.614954
