1.665106
3.565106
5.715106
6.265106
6.815106
8.915106
9.465106
11.065106
12.665106
14.265106
14.815106
15.365106
15.915106
17.515106
19.115106
19.665106
20.215106
20.765106
21.315106
23.465106
25.365106
25.915106
26.467849
28.615106
29.165106
32.915106
33.465106
35.065106
36.665106
37.215106
39.115106
42.315106
42.865106
44.490915
46.065106
46.615106
48.515106
50.665106
51.215106
53.365106
53.915106
56.065106
56.615106
58.215106
59.815106
61.715106
62.265106
62.815106
63.365106
65.017789
66.590109
67.115106
68.715106
70.315106
70.865106
72.765106
74.365106
74.915106
75.465106
76.015106
76.565106
77.115106
78.715106
79.265106
79.815106
80.365106
80.915106
83.065106
83.615106
84.165106
86.065106
87.665106
89.265106
89.815106
90.365106
90.915106
91.465106
94.665106
95.215106
95.765106
97.365106
97.915106
99.515106
100.065106
100.615106
101.165106
103.315106
103.865106
106.015106
106.565106
107.115106
108.715106
109.265106
111.165106
113.315106
114.915106
115.465106
116.015106
117.915106
119.515106
120.065106
123.565106
125.165106
125.715106
126.265106
127.865106
130.015106
130.565106
131.115106
134.615106
135.165106
137.315106
137.865106
139.465106
141.365106
145.115106
147.265106
147.815106
148.365106
150.515106
154.265106
154.815106
155.365106
157.515106
159.665106
161.815106
163.965106
167.715106
168.265106
169.865106
170.415106
170.965106
171.515106
173.115106
173.665106
175.815106
179.315106
180.915106
182.515106
183.065106
185.215106
187.115106
187.665106
188.215106
191.965106
194.115106
194.665106
195.215106
196.815106
197.365106
197.915106
199.515106
