1.159506
1.815106
3.415106
3.979906
6.109506
6.659506
7.194706
9.315106
14.415106
14.965106
15.515106
19.279906
19.829906
20.379906
20.929906
23.065106
23.615106
25.215106
25.765106
26.315106
26.865106
28.465106
29.015106
29.565106
31.179906
32.765106
33.329906
36.815106
37.365106
38.965106
42.465106
46.229906
46.779906
48.379906
48.929906
50.515106
51.065106
53.215106
53.765106
54.315106
56.465106
59.965106
61.565106
62.115106
62.665106
63.215106
66.715106
70.479906
71.029906
72.615106
74.529906
75.079906
75.615106
76.165106
76.715106
78.865106
79.415106
79.965106
80.515106
82.665106
83.215106
83.765106
84.315106
85.915106
89.415106
89.965106
90.515106
91.065106
94.829906
95.379906
97.515106
99.665106
100.215106
100.765106
102.915106
103.465106
104.015106
106.165106
106.715106
108.865106
109.415106
111.015106
111.565106
113.165106
115.065106
115.615106
116.165106
117.779906
119.665106
120.215106
121.815106
123.415106
125.315106
125.865106
129.615106
130.165106
130.715106
131.265106
134.479906
135.029906
137.165106
137.715106
139.615106
141.215106
141.765106
144.965106
145.515106
147.679906
148.229906
148.779906
150.365106
150.915106
152.515106
154.665106
155.215106
157.365106
157.915106
159.515106
161.665106
162.215106
163.829906
164.379906
167.565106
168.115106
170.029906
170.579906
171.129906
173.265106
175.415106
175.965106
179.179906
182.665106
184.829906
185.379906
186.965106
187.515106
188.065106
188.615106
191.815106
193.965106
194.515106
195.065106
196.979906
197.529906
199.679906
