1.114954
1.664954
2.214954
2.764954
3.314954
3.864954
4.414954
4.964954
5.514954
6.064954
8.314954
8.864954
9.414954
9.964954
10.514954
11.064954
11.614954
12.164954
12.714954
13.264954
13.814954
14.364954
16.464954
17.014954
17.564954
18.114954
18.664954
19.214954
19.764954
20.314954
20.864954
21.414954
21.964954
22.514954
23.064954
23.614954
24.164954
24.714954
25.264954
25.814954
26.364954
26.914954
27.464954
28.014954
28.564954
29.114954
30.714954
31.264954
31.814954
32.364954
32.914954
33.464954
34.014954
34.564954
35.114954
35.664954
36.214954
36.764954
37.314954
37.864954
38.414954
38.964954
40.564954
41.114954
41.664954
42.214954
42.764954
43.314954
43.864954
44.414954
44.964954
45.514954
46.064954
46.614954
48.514954
49.064954
49.614954
50.164954
50.714954
51.264954
51.814954
52.364954
52.914954
53.464954
54.014954
54.564954
55.114954
55.664954
56.214981
58.364954
58.914954
59.464954
60.014954
60.564954
61.114954
61.664954
63.264954
64.864954
65.414954
65.964954
66.514954
68.414954
68.964954
69.514954
70.064954
70.614954
71.164954
71.714954
72.264954
72.814954
74.414954
74.964954
75.514954
77.114954
77.664954
78.214954
78.764954
79.314954
79.864954
80.414954
80.964954
81.514954
82.064954
82.614954
83.164954
83.714954
84.264954
84.814954
86.414954
86.964954
87.514954
88.064954
88.614954
89.164954
89.714954
90.264954
90.814954
91.364954
91.914954
92.464954
93.014954
93.564954
94.114954
94.664954
95.214954
95.764954
96.314954
96.864954
97.414954
99.014954
99.564954
100.114954
100.664954
101.214954
101.764954
102.314954
102.864954
104.764954
105.314954
105.864954
106.414954
106.964954
107.514954
108.064954
110.214954
110.764954
111.314954
111.864954
112.414954
112.964954
113.514954
114.064954
114.614954
115.164954
115.714954
116.264954
116.814954
117.364954
117.914954
118.464954
119.014954
119.564954
120.114954
120.664954
122.814954
124.414954
124.964954
125.514954
126.064954
126.614954
127.164954
127.714954
128.264954
128.814954
129.364954
129.914954
130.464954
131.014954
131.564954
132.114954
132.664954
133.214954
133.764954
134.314954
134.864954
135.414954
135.964954
136.514954
137.064954
137.614954
138.164954
138.714954
139.264954
139.814954
140.364954
140.914954
141.464954
142.014954
142.564954
143.114954
143.664954
144.214954
144.764954
145.314954
145.864954
146.414954
146.964954
147.514954
148.064954
148.614954
149.164954
149.714954
150.264954
152.164954
152.714954
153.264954
153.814954
154.364954
154.914954
155.464954
156.014954
156.564954
157.114954
157.664954
158.214954
158.764954
159.314954
159.864954
161.464954
162.014954
162.564954
163.114954
163.664954
164.214954
165.814954
166.364954
166.914954
167.464954
168.014954
168.564954
169.114954
169.664954
170.214954
170.764954
171.314954
171.864954
172.414954
172.964954
173.514954
174.064954
174.614954
175.164954
175.714954
176.264954
176.814954
177.364954
177.914954
178.464954
179.014954
179.564954
180.114954
180.664954
182.564954
184.164954
184.714954
185.264954
185.814954
186.364954
186.914954
187.464954
188.014954
188.564954
189.114954
189.664954
190.214954
190.764954
191.314954
191.864954
192.414954
192.964954
193.514954
194.064954
194.614954
195.164954
195.714954
196.264954
196.814954
197.364954
198.964954
199.514954
