1.159354
1.709354
2.259354
2.809354
3.344554
3.894554
4.994554
7.114954
7.664954
8.164954
8.714954
9.264954
9.814954
10.364954
10.914954
11.464954
12.014954
12.564954
13.114954
13.664954
14.214954
14.764954
15.314954
15.879754
16.429754
16.979754
17.514954
18.064954
20.014954
21.614954
22.164954
23.764954
24.314954
24.864954
25.414954
25.964954
26.514954
27.064954
27.614954
29.514954
30.064954
30.614954
31.164954
33.379754
33.914954
34.464954
35.014954
35.564954
36.114954
36.664954
37.214954
37.764954
38.314954
38.864954
39.414954
41.014954
41.564954
42.114954
42.664954
44.564954
45.114954
46.714954
47.264954
47.814954
48.364954
48.914954
49.464954
50.014954
50.564954
51.114954
51.664954
53.264954
53.814954
54.364954
54.914954
55.464954
56.014954
56.564954
57.114954
57.664954
58.214954
58.764954
59.314954
59.864954
60.414954
60.964954
61.514954
62.064954
62.614954
64.714954
66.664954
67.214954
68.814954
69.364954
69.914954
70.464954
71.014954
71.564954
72.114954
72.664954
73.214954
73.764954
74.314954
74.864954
75.414954
75.964954
76.514954
77.064954
77.614954
78.164954
78.714954
79.264954
79.814954
81.714954
82.264954
82.814954
83.364954
83.914954
84.464954
86.614981
87.164954
87.714954
88.264954
88.814954
89.364954
89.914954
90.464954
91.014954
91.564954
92.114954
92.664954
93.214954
93.764954
94.314954
94.864954
95.414954
95.964954
96.514954
97.064954
97.614954
100.829754
101.379754
101.914954
102.464954
103.014954
103.564954
104.114954
104.664954
105.214954
105.764954
106.314954
106.864954
107.414954
107.964954
108.514954
109.064954
109.614954
110.164954
110.714954
111.264954
111.814954
112.364954
112.914954
113.464954
114.014954
114.564954
115.114954
115.664954
116.214954
116.764954
117.314954
117.864954
119.764954
120.314954
120.864954
121.414954
121.964954
122.514954
123.064954
123.614954
124.164954
124.714954
125.264954
125.814954
126.364954
126.914954
127.464954
129.064954
129.614954
130.164954
130.714954
131.264954
131.814954
132.364954
134.514954
135.064954
135.614954
136.164954
136.714954
137.264954
137.814954
138.364954
138.914954
139.464954
140.014954
140.564954
141.114954
141.664954
142.214954
142.764954
143.314954
143.864954
144.414954
144.964954
145.514954
147.114954
147.664954
149.564954
150.114954
150.664954
151.214954
151.764954
152.314954
152.864954
153.414954
153.964954
154.514954
155.064954
155.614954
156.164954
156.714954
157.264954
157.814954
159.964954
160.514954
161.064954
162.664954
163.214954
163.764954
164.314954
164.864954
165.414954
165.964954
167.564954
168.114954
168.664954
169.214954
169.764954
170.314954
170.864954
171.414954
171.964954
172.514954
173.064954
173.614954
174.164954
174.714954
176.864954
177.414954
177.964954
178.514954
179.064954
179.614954
180.164954
180.714954
181.264954
181.814954
182.364954
182.914954
183.464954
184.014954
184.564954
185.114954
185.664954
186.214954
186.764954
187.314954
187.864954
188.414954
188.964954
189.514954
190.064954
190.614954
191.164954
191.714954
192.264954
192.814954
193.364954
193.914954
194.464954
195.014954
195.564954
196.114954
196.664954
197.214954
197.764954
198.314954
198.864954
199.414954
199.964954
