1.114954
1.664954
2.214954
2.764954
3.314954
3.864954
4.414954
4.964954
5.514954
6.064954
6.614954
8.164954
8.714954
9.264954
9.814954
10.364954
10.914954
11.464954
12.014954
12.564954
13.114954
13.664954
14.214954
14.764954
16.314954
16.864954
17.414954
17.964954
18.514954
19.064954
19.614954
20.164954
20.714954
21.264954
21.814954
22.364954
22.914954
23.464954
24.014954
24.564954
25.114954
25.664954
26.214954
26.764954
27.314954
27.864954
28.414954
28.964954
30.864954
31.414954
31.964954
32.514954
33.064954
33.614954
34.164954
34.714954
35.264954
35.814954
36.364954
36.914954
37.464954
38.014954
38.564954
40.714954
41.264954
41.814954
42.364954
42.914954
43.464954
44.014954
44.564954
45.114954
45.664954
46.214954
46.764954
48.364954
48.914954
49.464954
50.014954
50.564954
51.114954
51.664954
52.214954
52.764954
53.314954
53.864954
54.414954
54.964954
55.514954
56.064954
56.614954
58.214954
58.764954
59.314954
59.864954
60.414954
60.964954
61.514954
65.014954
65.564954
66.114954
66.664954
68.264954
68.814954
69.364954
69.914954
70.464954
71.014954
71.564954
72.114954
72.664954
74.564954
75.114954
77.264954
77.814954
78.364954
78.914954
79.464954
80.014954
80.564954
81.114954
81.664954
82.214954
82.764954
83.314954
83.864954
84.414954
86.564954
87.114954
87.664954
88.214954
88.764954
89.314954
89.864954
90.414954
90.964954
91.514954
92.064954
92.614954
93.164954
93.714954
94.264954
94.814954
95.364954
95.914954
96.464954
97.014954
99.164954
99.714954
100.264954
100.814954
101.364954
101.914954
102.464954
103.014954
104.614954
105.164954
105.714954
106.264954
106.814954
107.364954
107.914954
108.464954
110.064954
110.614954
111.164954
111.714954
112.264954
112.814954
113.364954
113.914954
114.464954
115.014954
115.564954
116.114954
116.664954
117.214954
117.764954
118.314954
118.864954
119.414954
119.964954
120.514954
121.064954
122.664954
124.564954
125.114954
125.664954
126.214954
126.764954
127.314954
127.864954
128.414954
128.964954
129.514954
130.064954
130.614954
131.164954
131.714954
132.264954
132.814954
133.364954
133.914954
134.464954
135.014954
135.564954
136.114954
136.664954
137.214954
137.764954
138.314954
138.864954
139.414954
139.964954
140.514954
141.064954
141.614954
142.164954
142.714954
143.264954
143.814954
144.364954
144.914954
145.464954
146.014954
146.564954
147.114954
147.664954
148.214954
148.764954
149.314954
149.864954
150.414954
152.014954
152.564954
153.114954
153.664954
154.214954
154.764954
155.314954
155.864954
156.414954
156.964954
157.514954
158.064954
158.614954
159.164954
159.714954
161.614954
162.164954
162.714954
163.264954
163.814954
165.964954
166.514954
167.064954
167.614954
168.164954
168.714954
169.264954
169.814954
170.364954
170.914954
171.464954
172.014954
172.564954
173.114954
173.664954
174.214954
174.764954
175.314954
175.864954
176.414954
176.964954
177.514954
178.064954
178.614954
179.164954
179.714954
180.264954
180.814954
182.414954
184.314954
184.864954
185.414954
185.964954
186.514954
187.064954
187.614954
188.164954
188.714954
189.264954
189.814954
190.364954
190.914954
191.464954
192.014954
192.564954
193.114954
193.664954
194.214954
194.764954
195.314954
195.864954
196.414954
196.964954
199.114954
199.664954
