1.129683
1.679683
2.229683
2.779683
3.329683
3.879683
4.429683
4.979683
5.529683
6.079683
6.629683
7.179683
7.714883
8.264883
8.814883
9.364883
9.914883
10.464883
11.014883
11.564883
12.114883
12.664883
13.214883
13.764883
14.314883
14.864883
15.414883
15.964883
16.514883
17.064883
17.614883
18.164883
18.714883
19.264883
19.814883
20.364878
20.914873
21.464869
22.014866
22.564864
23.114863
23.664862
24.214863
24.764864
25.314865
25.864868
26.414871
26.964876
27.514883
28.064892
28.614903
29.164916
29.714934
30.264955
30.814980
31.365009
31.915039
32.615075
34.215110
36.365142
36.915209
