0.000000
0.000000
0.000000
0.000000
0.000000
0.000000
0.000000
0.000000
0.000000
0.000000
0.000000
0.000000
0.000000
0.000000
0.000000
0.000000
0.000000
0.000000
0.000000
0.000000
0.000000
0.000000
0.000000
0.000000
0.000000
0.000000
0.000000
0.000000
0.000000
0.000000
0.000000
30.869643
30.869643
30.869643
30.869643
30.869643
0.000000
31.472034
31.472034
31.472034
0.000000
32.519643
0.000000
33.619643
0.000000
34.169643
34.269643
34.269643
0.000000
35.269643
35.369643
35.169643
35.169643
35.169643
0.000000
36.369643
36.469643
36.269643
0.000000
37.469643
37.569643
37.369643
0.000000
38.119643
38.569643
38.469643
0.000000
39.219643
0.000000
40.719643
40.719643
0.000000
39.569643
41.169643
40.119643
41.169643
41.269643
41.229691
0.000000
42.269643
42.319643
42.919643
0.000000
43.469643
0.000000
43.419643
44.434288
44.569643
44.984288
44.519643
0.000000
45.119643
0.000000
46.219643
46.869643
46.869643
46.134443
46.134443
0.000000
47.419643
47.234443
0.000000
48.369643
48.369643
48.534443
48.349243
0.000000
49.469643
49.619643
49.449243
0.000000
50.169643
50.569643
50.519643
0.000000
51.119643
51.269643
0.000000
52.219643
0.000000
53.319643
53.419643
53.419643
51.619643
52.169643
0.000000
54.419643
53.274283
0.000000
55.069643
54.374283
55.519643
55.619643
55.474283
0.000000
56.169643
56.619643
0.000000
57.269643
57.369643
57.369643
0.000000
58.219643
58.219643
58.369643
0.000000
59.319643
58.469643
59.469643
59.569643
0.000000
60.419643
60.569643
60.119643
0.000000
61.119643
61.519643
0.000000
62.219643
0.000000
0.000000
64.919643
64.919643
64.169643
64.169643
64.169643
64.169643
65.019643
65.019643
0.000000
65.569643
65.569643
0.000000
66.119643
66.519643
65.769643
66.519643
66.319643
0.000000
0.000000
68.269643
67.419643
68.969643
0.000000
69.369643
69.369643
69.519643
69.319643
69.319643
70.069643
0.000000
70.469643
70.619643
0.000000
70.419643
71.169643
71.569643
0.000000
72.119643
71.519643
72.269643
0.000000
73.919643
73.669643
73.669643
0.000000
74.469643
74.569643
74.569643
0.000000
75.119643
75.569643
0.000000
76.119643
76.369643
76.369643
76.369643
0.000000
77.219643
77.269643
77.269643
77.469643
0.000000
78.319643
78.369643
78.584443
0.000000
79.419643
79.134443
79.469643
0.000000
80.569643
0.000000
81.119643
81.569643
81.569643
81.284443
81.284443
0.000000
82.119643
82.219643
82.369643
0.000000
83.319643
83.769643
0.000000
84.319643
84.419643
84.019643
84.569643
0.000000
0.000000
86.469643
86.469643
86.219643
86.569643
86.569643
0.000000
87.119643
85.119643
87.569643
87.319643
0.000000
88.119643
88.219643
0.000000
88.969643
89.219643
89.319643
0.000000
90.069643
90.319643
90.619643
90.969643
0.000000
91.419643
91.169643
91.519643
0.000000
92.284443
92.619643
93.084443
0.000000
93.169643
93.619643
93.369643
0.000000
94.269643
0.000000
95.269643
94.469643
95.269643
95.369643
95.569643
0.000000
96.369643
96.119643
97.019643
0.000000
97.469643
97.219643
0.000000
0.000000
