0.000000
0.000000
0.000000
0.000000
0.000000
0.000000
0.000000
0.000000
0.000000
0.000000
0.000000
0.000000
0.000000
0.000000
0.000000
0.000000
0.000000
0.000000
0.000000
0.000000
0.000000
0.000000
0.000000
0.000000
0.000000
0.000000
0.000000
0.000000
0.000000
0.000000
30.048427
30.062267
30.076107
30.089947
0.000000
0.000000
31.933627
31.947467
0.000000
32.483627
0.000000
0.000000
0.000000
35.183627
35.197467
35.211307
0.000000
36.283627
0.000000
37.383627
0.000000
38.483627
0.000000
39.583627
0.000000
40.133627
0.000000
41.243675
0.000000
42.333627
0.000000
43.433627
0.000000
44.533627
0.000000
0.000000
46.148427
46.162267
0.000000
47.248427
0.000000
48.363227
0.000000
49.463227
0.000000
50.533627
0.000000
51.633627
0.000000
52.183627
0.000000
53.288267
0.000000
54.388267
0.000000
55.488267
0.000000
0.000000
57.383627
57.397467
0.000000
58.483731
0.000000
59.583627
0.000000
60.133627
0.000000
0.000000
0.000000
0.000000
64.183627
64.197467
64.211307
64.225147
0.000000
65.783627
0.000000
66.333627
0.000000
67.433627
0.000000
0.000000
69.333627
69.347467
0.000000
70.433627
0.000000
71.533627
0.000000
0.000000
73.683627
73.697467
0.000000
0.000000
0.000000
76.383627
76.397467
76.411307
0.000000
77.483627
0.000000
78.598427
0.000000
79.148427
0.000000
0.000000
81.298427
81.312267
0.000000
82.383627
0.000000
84.033627
0.000000
84.583627
0.000000
85.133627
0.000000
86.233627
0.000000
87.333731
0.000000
88.983627
0.000000
90.083627
0.000000
90.633627
0.000000
91.183627
0.000000
92.298427
0.000000
93.383627
0.000000
94.483627
0.000000
95.583627
0.000000
96.133627
96.683627
0.000000
97.233627
0.000000
98.333627
0.000000
101.033627
