0.000000
0.000000
0.000000
0.000000
0.000000
0.000000
0.000000
0.000000
0.000000
0.000000
0.000000
0.000000
0.000000
0.000000
0.000000
0.000000
0.000000
0.000000
0.000000
0.000000
0.000000
0.000000
0.000000
0.000000
0.000000
0.000000
0.000000
0.000000
0.000000
0.000000
30.034443
30.034443
30.034443
30.034443
0.000000
0.000000
31.919643
31.919643
0.000000
32.469643
0.000000
0.000000
0.000000
35.169643
35.169643
35.169643
0.000000
36.269643
0.000000
37.369643
0.000000
38.469643
0.000000
39.569643
0.000000
40.119643
0.000000
41.229691
0.000000
42.319643
0.000000
43.419643
0.000000
44.519643
0.000000
0.000000
46.134443
46.134443
0.000000
47.234443
0.000000
48.349243
0.000000
49.449243
0.000000
50.519643
0.000000
51.619643
0.000000
52.169643
0.000000
53.274283
0.000000
54.374283
0.000000
55.474283
0.000000
0.000000
57.369643
57.369643
0.000000
58.469643
0.000000
59.569643
0.000000
60.119643
0.000000
0.000000
0.000000
0.000000
64.169643
64.169643
64.169643
64.169643
0.000000
65.769643
0.000000
66.319643
0.000000
67.419643
0.000000
0.000000
69.319643
69.319643
0.000000
70.419643
0.000000
71.519643
0.000000
0.000000
73.669643
73.669643
0.000000
0.000000
0.000000
76.369643
76.369643
76.369643
0.000000
77.469643
0.000000
78.584443
0.000000
79.134443
0.000000
0.000000
81.284443
81.284443
0.000000
82.369643
0.000000
84.019643
0.000000
84.569643
0.000000
85.119643
0.000000
86.219643
0.000000
87.319643
0.000000
88.969643
0.000000
90.069643
0.000000
90.619643
0.000000
91.169643
0.000000
92.284443
0.000000
93.369643
0.000000
94.469643
0.000000
95.569643
0.000000
96.119643
96.669643
0.000000
97.219643
0.000000
98.319643
0.000000
101.019643
