0.000000
0.000000
0.000000
0.000000
0.000000
0.000000
0.000000
6.677783
6.682480
6.687063
6.691623
6.691703
6.696320
6.700903
6.705463
6.705543
6.710160
6.714743
6.719303
6.719383
6.724000
6.728583
6.733143
6.733223
6.737840
6.742423
6.746983
6.747063
6.751680
6.756263
6.760823
6.760903
6.765520
6.770103
6.774743
0.000000
7.227783
7.232423
7.237063
7.241703
0.000000
8.327783
8.332423
8.337063
8.341703
0.000000
9.427783
9.432423
9.437063
9.441703
0.000000
10.527783
10.532423
10.537063
10.541703
0.000000
11.627783
11.632423
11.637063
11.641703
0.000000
12.177783
12.182423
12.187063
12.191703
0.000000
13.277783
13.282423
13.287063
13.291703
0.000000
14.377783
14.382423
14.387063
14.391703
0.000000
15.477783
15.482423
15.487063
15.491703
0.000000
16.577783
16.582423
16.587063
16.591703
0.000000
17.127783
17.132423
17.137063
17.141703
0.000000
18.227783
18.232423
18.237063
18.241703
0.000000
19.327783
19.332423
19.337063
19.341703
0.000000
20.427777
20.433353
20.437072
20.441712
0.000000
21.527765
21.532405
21.537101
21.541741
0.000000
22.627760
22.632400
22.637147
0.000000
23.162958
23.167598
23.727051
23.736252
23.740892
0.000000
24.262958
24.267598
24.277089
24.286290
0.000000
25.362962
25.372516
25.378701
0.000000
26.448170
26.452810
0.000000
27.548184
27.552824
28.048782
0.000000
28.648209
28.652849
0.000000
29.198226
29.202867
29.926091
0.000000
30.298275
30.316756
30.330597
30.344437
30.358278
0.000000
31.398343
31.412184
31.426024
31.439865
31.453706
31.467547
31.975341
0.000000
32.647739
32.661580
0.000000
33.133941
33.147782
33.161622
33.189303
33.203143
0.000000
0.000000
0.000000
0.000000
0.000000
0.000000
0.000000
0.000000
0.000000
0.000000
0.000000
0.000000
0.000000
0.000000
0.000000
0.000000
0.000000
0.000000
0.000000
0.000000
0.000000
0.000000
0.000000
0.000000
0.000000
0.000000
0.000000
0.000000
0.000000
0.000000
0.000000
0.000000
0.000000
0.000000
0.000000
0.000000
0.000000
0.000000
0.000000
0.000000
0.000000
0.000000
0.000000
0.000000
0.000000
0.000000
0.000000
0.000000
0.000000
0.000000
0.000000
0.000000
0.000000
0.000000
0.000000
0.000000
0.000000
0.000000
0.000000
0.000000
0.000000
0.000000
0.000000
0.000000
0.000000
0.000000
