1.159506
1.815106
3.415106
3.979906
6.109506
7.665106
8.165106
8.715106
9.265106
12.815106
13.365106
15.515106
16.065106
18.215106
18.765106
19.315106
20.929906
21.479906
22.029906
22.579906
24.465106
26.615106
27.165106
27.715106
33.029906
33.579906
34.115106
35.729906
36.279906
36.829906
38.715106
40.865106
43.029906
43.579906
45.715106
47.865106
51.065106
51.615106
55.115106
55.665106
56.215106
58.365106
58.915106
59.465106
61.065106
63.215106
66.415106
68.315106
68.865106
69.415106
69.965106
70.515106
71.065106
72.665106
73.215106
75.129906
75.679906
77.265106
77.829906
78.379906
79.965106
80.515106
81.065106
81.615106
82.165106
82.715106
84.615106
85.165106
87.315106
89.479906
90.029906
91.615106
92.165106
93.765106
94.315106
94.865106
97.029906
98.915106
100.515106
101.065106
101.615106
103.515106
104.065106
106.215106
106.765106
107.315106
107.865106
108.415106
110.565106
111.115106
111.665106
113.265106
113.815106
114.365106
116.529906
118.115106
118.665106
119.215106
121.115106
123.265106
123.815106
124.365106
125.965106
127.579906
128.129906
133.215106
133.765106
135.915106
136.465106
137.015106
137.565106
138.115106
138.665106
140.815106
141.365106
141.915106
143.515106
144.065106
144.629906
146.215106
151.315106
155.065106
157.229906
160.965106
161.515106
162.065106
162.615106
164.779906
166.379906
166.929906
167.479906
168.029906
168.579906
172.315106
175.515106
176.065106
176.615106
178.765106
180.929906
184.115106
184.665106
186.565106
188.165106
191.665106
192.215106
193.815106
194.365106
194.915106
195.465106
197.065106
198.665106
199.215106
199.765106
