1.144706
1.694706
2.244706
2.794706
3.465106
4.015106
5.615106
6.230515
6.715106
10.265106
11.865106
13.465106
15.615106
17.515106
18.065106
18.615106
20.765106
21.315106
21.865106
24.015106
24.565106
26.715106
28.315106
28.865106
29.415106
29.965106
33.479906
35.065106
35.615106
36.165106
36.715106
38.615106
39.165106
41.315106
41.865106
44.015106
45.615106
46.165106
48.065106
48.615106
49.179906
49.729906
51.865106
53.465106
54.015106
55.615106
57.765106
61.515106
63.665106
65.279906
65.829906
67.415106
69.315106
69.865106
70.415106
72.015106
73.615106
77.115106
80.865106
81.415106
81.965106
82.515106
83.065106
83.615106
84.165106
84.715106
85.265106
86.865106
88.465106
89.015106
90.615106
91.165106
91.715106
92.265106
92.815106
93.365106
93.915106
95.515106
96.065106
96.615106
97.165106
98.765106
99.315106
100.915106
101.465106
103.065106
104.665106
105.215106
105.765106
106.315106
107.915106
110.065106
113.565106
114.115106
114.665106
115.215106
117.365106
118.979906
121.115106
122.715106
124.315106
125.915106
126.465106
127.015106
129.165106
131.065106
136.415106
136.965106
138.565106
140.465106
142.065106
142.615106
143.165106
149.865106
150.415106
150.965106
153.129906
153.679906
155.815106
157.965106
158.515106
159.065106
161.215106
163.365106
167.115106
169.279906
170.865106
171.415106
173.315106
173.865106
176.015106
177.615106
179.515106
181.115106
181.665106
182.215106
182.765106
184.365106
185.965106
186.515106
187.065106
187.615106
195.915106
196.465106
198.065106
199.665106
