1.129683
1.679683
2.229683
2.779683
3.329683
3.879683
4.429683
4.979683
5.529683
6.079683
6.629683
7.179683
7.729683
8.279683
8.829683
9.379683
9.929683
10.479683
11.029683
11.579683
12.129683
12.679683
13.229683
13.779683
14.329683
14.879683
15.429683
15.979683
16.529683
17.064883
17.614883
18.164883
18.714883
19.264883
19.814883
20.364878
20.914873
21.464869
22.014866
22.564864
23.114863
23.664862
24.214863
24.764864
25.314865
25.864868
26.414871
26.964876
27.514883
28.064892
28.614903
29.164916
29.714934
30.264955
30.814980
31.365009
31.915039
32.465068
33.015091
33.715107
34.265110
34.815110
