1.159354
1.709354
2.259354
2.914954
3.464954
4.014954
4.564954
5.114954
6.714954
8.614954
9.164954
9.714954
10.264954
10.814954
11.364954
15.064954
15.614954
16.164954
16.714954
17.264954
17.814954
18.364954
18.914954
19.464954
21.614954
22.164954
22.714954
24.314954
25.914954
26.464954
28.064954
28.614954
29.164954
29.714954
30.264954
30.814954
31.364954
31.914954
32.464954
33.014954
33.564954
34.114954
34.664954
35.229754
35.779754
36.329754
36.879754
37.414954
37.964954
38.514954
39.064954
39.614954
40.164954
40.714954
41.264954
41.814954
42.364954
42.914954
43.464954
44.014954
44.564954
45.114954
45.664954
46.214954
46.764954
48.364954
48.914954
49.464954
50.014954
50.564954
51.114954
51.664954
52.214954
52.764954
53.314954
53.864954
54.414954
54.964954
55.514954
57.114954
59.014954
59.564954
60.114954
60.664954
61.214954
62.814954
63.364954
63.914954
64.464954
65.014954
65.564954
66.114954
66.664954
67.214954
67.764954
68.314954
69.914954
70.464954
71.014954
71.564954
72.114954
72.664954
73.214954
73.779754
74.314954
74.864954
75.414954
75.964954
76.514954
77.064954
77.614954
78.164954
78.714954
79.264954
79.814954
80.364954
80.914954
81.464954
82.014954
82.564954
86.064954
86.614954
87.164954
87.714954
88.264954
88.814954
89.364954
89.914954
90.464954
91.014954
91.564954
92.114954
92.664954
93.214954
93.764954
94.314954
94.864954
95.414954
95.964954
96.514954
97.064954
97.614954
99.764954
100.314954
100.864954
101.414954
101.964954
102.514954
103.064954
103.614954
104.164954
105.764954
106.314954
106.864954
107.414954
107.964954
109.864954
110.414954
110.964954
111.514954
112.064954
112.614954
114.764954
115.314954
116.929754
117.479754
118.029754
118.579754
120.464954
122.064954
122.614954
123.164954
123.714954
124.264954
124.814954
125.364954
125.914954
126.464954
127.014954
127.564954
128.114954
128.664954
129.214954
130.814954
131.364954
131.914954
132.464954
133.014954
133.564954
134.114954
134.679754
135.214954
135.764954
136.314954
136.864954
137.414954
137.964954
138.514954
139.064954
139.614954
140.164954
140.714954
141.264954
141.814954
142.364954
142.914954
143.464954
144.014954
144.564954
145.114954
145.664954
146.214954
146.764954
147.314954
147.864954
148.414954
148.964954
149.514954
150.064954
150.614954
151.164954
151.714954
153.314954
153.864954
154.414954
154.964954
155.514954
157.414954
159.564954
160.114954
160.664954
161.214954
161.764954
162.314954
162.864954
163.414954
163.964954
164.514954
165.064954
165.614954
166.164954
167.764954
168.314954
168.864954
169.414954
169.964954
170.514954
171.064954
171.614954
172.164954
172.714954
173.264954
173.814954
174.364954
176.264954
176.814954
177.364954
177.914954
178.464954
179.014954
179.564954
180.114954
180.664954
181.214954
181.764954
182.314954
182.864954
183.414954
183.964954
184.529754
185.064954
185.614954
186.164954
186.714954
187.264954
187.814954
188.364954
188.914954
189.464954
190.014954
190.564954
191.114954
191.664954
192.214954
192.764954
193.314954
193.864954
194.414954
194.964954
195.514954
196.064954
196.614954
197.164954
197.714954
198.264954
198.814954
199.364954
199.914954
