1.114954
1.664954
2.214954
2.764954
3.314954
3.864954
4.414954
4.964954
5.514954
6.064954
6.614954
7.164954
7.714954
8.264954
8.814954
9.364954
9.914954
10.464954
11.014954
11.564954
12.114954
12.664954
13.214954
13.764954
14.314954
15.414954
15.964954
16.514954
18.114954
18.664954
19.214954
19.764954
20.314954
21.914954
22.464954
23.014954
23.564954
24.114954
24.664954
25.214954
25.764954
26.314954
26.864954
27.414954
27.964954
28.514954
29.064954
29.614954
30.164954
30.714954
31.264954
31.814954
32.364954
32.914954
33.464954
34.014954
34.564954
35.140157
35.703997
36.214954
36.764954
37.314954
37.864954
38.414954
38.964954
39.514954
40.064954
40.614954
41.164954
41.714954
42.264954
42.814954
43.364954
43.914954
44.464954
45.014954
45.564954
46.114954
46.664954
47.214954
49.164954
49.714954
50.264954
50.814954
51.364954
51.914954
52.464954
53.014954
53.564954
55.164954
55.714954
57.614954
58.164954
58.714954
59.264954
59.814954
60.364954
60.914954
61.464954
63.614954
64.164954
64.714954
65.264954
65.814954
66.364954
66.914954
67.464954
68.014954
68.564954
70.164954
70.714954
71.264954
72.864954
73.414954
73.964954
74.514954
75.064954
75.614954
76.164954
76.714954
77.264954
77.814954
78.364954
78.914954
79.464954
81.464954
82.014954
82.564954
83.114954
83.664954
84.214954
84.764954
85.314954
85.864954
86.414954
86.964954
87.514954
88.064954
88.614954
89.164954
89.714954
90.264954
90.814954
91.364954
91.914954
92.464954
93.014954
93.564954
95.614954
97.214954
97.764954
98.314954
98.864954
99.414954
99.964954
100.514954
101.064954
101.614954
102.164954
102.714954
103.264954
103.814954
104.364954
104.914954
106.514954
108.114954
108.664954
109.214954
110.814954
111.364954
111.914954
113.514954
115.114954
115.664954
116.214954
116.764954
117.314954
117.864954
118.414954
118.964954
119.514954
120.064954
120.614954
121.164954
121.714954
123.614954
124.164954
124.714954
125.264954
125.814954
127.414954
127.964954
128.514954
129.064954
129.614954
130.164954
130.714954
131.264954
131.814954
132.364954
132.914954
133.464954
134.014954
135.914954
136.464954
137.014954
137.564954
138.114954
138.664954
140.264954
140.814954
141.364954
141.914954
142.464954
143.014954
143.564954
144.114954
144.664954
145.214954
145.764954
147.364954
147.914954
148.464954
149.014954
149.564954
150.114954
150.664954
151.214954
153.114954
153.664954
154.214954
154.764954
155.314954
155.864954
156.414954
156.964954
157.514954
158.064954
158.614954
159.164954
159.714954
160.264954
160.814954
161.364954
161.914954
162.464954
163.014954
164.614954
166.514954
167.064954
167.614954
168.164954
168.714954
169.264954
169.814954
170.364954
170.914954
171.464954
172.014954
172.564954
173.114954
173.664954
174.214954
174.764954
175.314954
175.864954
176.414954
176.964954
177.514954
178.064954
178.614954
180.214954
180.764954
181.314954
181.864954
182.414954
182.964954
183.514954
184.064954
184.614954
185.164954
187.314954
187.864954
188.414954
188.964954
189.514954
190.064954
192.214954
192.764954
193.314954
193.864954
194.414954
194.964954
195.514954
196.064954
197.664954
198.214954
198.764954
199.314954
199.864954
