1.665106
3.565106
5.715106
7.815106
8.365106
8.915106
9.465106
11.065106
13.215106
15.365106
15.915106
16.465106
18.065106
18.615106
19.165106
21.065106
21.615106
22.165106
22.715106
24.315106
24.865106
26.467849
27.015106
27.565106
28.115106
29.715106
31.421677
32.865106
33.415106
33.965106
35.865106
36.415106
36.965106
38.565106
40.715106
41.265106
42.865106
43.415106
45.565106
47.715106
51.215106
51.765106
53.365106
54.965106
55.515106
56.065106
56.615106
58.215106
58.765106
59.315106
62.815106
66.565106
68.165106
68.715106
69.265106
69.815106
70.365106
70.915106
72.815106
73.365106
74.965106
75.515106
77.415106
77.965106
80.115106
80.665106
81.215106
81.765106
82.315106
82.865106
84.465106
85.015106
85.565106
87.165106
87.715106
89.315106
89.865106
91.765106
93.915106
94.465106
95.015106
97.165106
98.765106
100.665106
101.215106
101.765106
103.365106
103.915106
104.465106
106.065106
106.615106
107.165106
107.715106
108.265106
108.815106
110.965106
111.515106
113.415106
113.965106
116.115106
118.265106
118.815106
119.365106
120.965106
123.115106
123.665106
124.215106
127.715106
128.265106
129.865106
131.465106
133.065106
133.615106
134.165106
135.765106
136.315106
136.865106
137.415106
137.965106
138.515106
139.065106
140.665106
141.215106
141.765106
143.665106
144.215106
146.365106
147.965106
151.165106
153.315106
154.915106
155.465106
157.065106
159.215106
160.815106
161.365106
161.915106
162.465106
163.015106
166.515106
167.065106
167.615106
168.165106
168.715106
175.665106
176.215106
178.365106
178.915106
184.265106
184.815106
186.415106
188.315106
189.915106
191.515106
192.065106
193.965106
194.515106
195.065106
198.815106
199.365106
199.915106
