1.114954
1.664954
2.214954
2.764954
3.314954
3.864954
4.414954
4.964954
5.514954
6.064954
6.614954
7.164954
7.714954
8.264954
8.814954
9.364954
9.914954
10.464954
11.014954
11.564954
12.114954
12.664954
13.214954
13.764954
14.314954
14.864954
15.564954
16.114954
18.264954
18.814954
19.364954
19.914954
22.064954
22.614954
23.164954
23.714954
24.264954
24.814954
25.364954
25.914954
26.464954
27.014954
27.576117
28.114954
28.664954
29.214954
29.764954
30.314954
30.864954
31.414954
31.964954
32.514954
33.068061
33.614954
34.166964
34.714954
35.264954
35.864954
36.414954
36.964954
37.514954
38.064954
38.614954
39.164954
39.714954
40.264954
40.814954
41.364954
41.914954
42.464954
43.014954
43.564954
44.114954
44.664954
45.214954
45.764954
46.314954
46.864954
47.414954
49.014954
49.564954
50.114954
50.664954
51.214954
51.764954
52.314954
52.864954
53.414954
55.314954
55.864954
57.464954
58.014954
58.564954
59.114954
59.664954
60.214954
60.764954
61.314954
61.864954
63.464954
64.014954
64.564954
65.114954
65.664954
66.214954
66.764954
67.314954
67.864954
68.414954
70.314954
70.864954
73.014954
73.564954
74.114954
74.664954
75.214954
75.764954
76.314954
76.864954
77.414954
77.964954
78.514954
79.064954
79.614954
81.307197
81.764954
82.314954
82.864954
83.414954
83.964954
84.515323
85.065323
85.614954
86.164954
86.714954
87.264954
87.814954
88.364954
88.914954
89.464954
90.014954
90.564954
91.114954
91.664954
92.226317
92.764954
93.314954
93.864954
95.464954
97.364954
97.914954
98.464954
99.014954
99.564954
100.114954
100.664954
101.214954
101.764954
102.314954
102.864954
103.414954
103.964954
104.514954
108.264954
108.814954
110.964954
111.514954
115.264954
115.814954
116.364954
116.914954
117.464954
118.014954
118.564954
119.114954
119.664954
120.214954
120.764954
121.314954
121.864954
123.464954
124.014954
124.564954
125.114954
125.664954
127.564954
128.114954
128.664954
129.214954
129.764954
130.314954
130.864954
131.414954
131.964954
132.514954
133.064954
133.614954
134.164954
135.764954
136.314954
136.864954
137.414954
137.964954
138.514954
140.414954
140.964954
141.514954
142.064954
142.614954
143.164954
143.714954
144.264954
144.814954
145.364954
147.514954
148.064954
148.614954
149.164954
149.714954
150.264954
150.814954
151.364954
152.964954
153.514954
154.064954
154.614954
155.164954
155.714954
156.264954
156.814954
157.364954
157.914954
158.464954
159.014954
159.564954
160.114954
160.664954
161.214954
161.764954
162.314954
162.864954
164.764954
166.364954
166.914954
167.464954
168.014954
168.564954
169.114954
169.664954
170.214954
170.764954
171.314954
171.864954
172.414954
172.964954
173.514954
174.064954
174.614954
175.164954
175.714954
176.264954
176.814954
177.364954
177.914954
178.464954
180.364954
180.914954
181.464954
182.014954
182.564954
183.114954
183.664954
184.214954
184.764954
186.914954
187.464954
188.014954
188.564954
189.114954
189.664954
190.214954
192.364954
192.914954
193.464954
194.014954
194.564954
195.114954
195.664954
197.814954
198.364954
198.914954
199.464954
