1.129754
1.679754
2.229754
2.764954
3.314954
3.864954
4.414954
5.114954
6.714954
8.564954
9.114954
9.664954
10.214954
10.764954
11.314954
11.864954
14.014954
14.564954
15.114954
15.664954
16.214954
16.764954
17.314954
17.864954
18.414954
18.964954
19.514954
20.064954
20.614954
22.764954
23.314954
23.864954
24.414954
24.964954
25.514954
26.064954
28.214954
28.764954
29.314954
29.864954
30.414954
30.964954
31.514954
33.114954
33.664954
34.214954
35.815941
36.365941
36.914954
38.814954
39.364954
39.914954
40.464954
41.014954
41.564954
42.114954
44.264954
44.814954
45.364954
45.914954
46.464954
47.014954
47.564954
48.114954
48.664954
50.814954
51.364954
51.914954
52.464954
53.014954
55.164954
55.714954
56.264954
56.814954
57.364954
59.514954
60.064954
60.614954
62.214954
62.764954
64.364954
64.914954
65.464954
67.364954
67.914954
68.464954
69.014954
69.564954
71.164954
71.714954
72.264954
72.829754
73.379754
73.914954
74.464954
75.014954
76.614954
77.164954
77.714954
78.264954
78.814954
79.364954
80.964954
81.514954
82.064954
82.614954
83.164954
83.714954
84.264954
84.814954
85.364954
85.914954
86.464954
87.014954
88.914954
89.464954
90.014954
91.614954
92.164954
92.714954
93.264954
93.814954
94.364954
94.914954
95.464954
96.014954
96.564954
97.114954
97.664954
98.214954
100.114954
100.679754
102.814954
103.379754
103.929754
104.479754
105.014954
105.564954
106.114954
106.664954
107.214954
107.764954
108.314954
108.864954
109.414954
109.964954
110.514954
112.664954
113.214954
113.764954
114.314954
114.864954
115.414954
115.964954
116.514954
117.064954
117.614954
118.164954
118.714954
119.264954
119.814954
121.414954
121.964954
122.514954
123.064954
123.614954
124.164954
124.714954
125.264954
125.814954
126.364954
126.914954
127.464954
128.014954
128.564954
129.114954
129.664954
130.214954
130.764954
132.364954
132.914954
133.464954
134.014954
134.564954
135.114954
135.664954
136.214954
136.764954
138.664954
139.214954
139.764954
140.314954
140.864954
141.414954
141.964954
142.514954
144.664954
145.214954
145.764954
147.364954
147.914954
148.464954
150.364954
150.914954
151.464954
152.014954
152.564954
154.714954
156.864954
157.414954
157.964954
158.514954
159.064954
159.614954
160.164954
160.714954
161.264954
161.814954
162.364954
162.914954
163.464954
164.014954
164.564954
165.114954
165.664954
166.214954
166.764954
167.314954
167.864954
168.414954
168.964954
169.514954
170.064954
170.614954
171.164954
171.714954
172.264954
172.814954
173.364954
173.914954
174.464954
175.014954
175.564954
176.114954
176.664954
178.814954
179.364954
179.914954
180.464954
181.014954
181.564954
182.114954
182.679754
183.214954
184.829754
185.364954
185.914954
186.464954
187.014954
187.564954
188.114954
188.664954
189.214954
189.764954
190.314954
190.864954
191.414954
191.964954
192.514954
193.064954
193.614954
194.164954
194.714954
195.264954
195.814954
196.364954
196.914954
197.464954
198.014954
198.564954
199.114954
199.664954
