1.114954
1.664954
2.214954
3.814954
5.664954
6.214954
6.764954
7.314954
9.464954
10.014954
10.564954
11.114954
11.664954
12.214954
12.764954
14.914954
16.514954
17.064954
17.614954
18.164954
18.714954
20.314954
23.814954
24.364954
24.914954
25.464954
26.014954
26.564954
27.114954
27.664954
28.214954
28.764954
29.314954
29.864954
30.508597
31.097557
31.760293
32.064954
32.844437
33.164954
35.314954
35.864954
36.414954
36.964954
37.514954
38.064954
38.614954
39.164954
39.714954
41.864954
42.414954
42.964954
43.514954
44.065323
44.614954
45.164954
45.714954
46.264954
46.814954
47.364954
47.914954
48.464954
50.064954
50.614954
51.164954
51.714954
52.264954
52.814954
53.364954
53.914954
54.464954
55.014954
55.564954
56.114954
58.014954
58.564954
59.114954
59.664954
60.214954
60.764954
61.314954
62.914954
63.464954
64.014954
64.564954
65.114954
66.714954
67.264954
67.814954
68.364954
68.914954
69.464954
70.014954
70.564954
71.114954
71.664954
72.214954
72.764954
73.314954
73.864954
74.414954
74.964954
75.514954
76.064954
77.964954
78.514954
79.064954
79.614954
80.264954
80.864954
81.414954
81.964954
82.514954
83.064954
83.614954
84.164954
84.714954
85.264954
85.814954
86.364954
86.914954
87.464954
88.014954
88.564954
89.114954
89.664954
90.214954
92.214954
92.764954
93.314954
93.864954
94.414954
94.964954
95.514954
96.064954
96.614954
97.164954
97.714954
98.264954
98.814954
99.364954
99.914954
100.464954
101.014954
101.564954
102.114954
102.664954
103.214954
103.764954
104.314954
104.864954
105.414954
105.964954
107.564954
108.114954
108.664954
109.214954
109.764954
110.314954
110.864954
111.414954
111.964954
112.514954
113.064954
113.614954
114.164954
114.714954
115.264954
115.814954
116.364954
116.914954
117.464954
118.014954
118.564954
120.164954
120.714954
121.264954
121.814954
122.364954
123.964954
124.514954
125.064954
125.614954
126.164954
126.714954
127.264954
127.814954
128.364954
128.914954
129.464954
130.014954
130.564954
131.114954
131.664954
132.214954
132.764954
133.314954
133.864954
134.414954
134.964954
135.514954
136.064954
137.664954
139.564954
140.114954
140.664954
141.214954
141.764954
142.314954
142.864954
144.464954
145.014954
145.564954
146.114954
146.664954
147.214954
147.764954
148.314954
148.864954
149.414954
149.964954
151.564954
152.114954
152.664954
153.214954
153.764954
154.314954
154.864954
155.414954
155.964954
156.514954
157.064954
157.614954
158.164954
158.714954
159.264954
159.814954
160.364954
160.914954
161.464954
162.014954
162.564954
163.114954
163.664954
164.214954
164.764954
165.314954
165.864954
166.414954
166.964954
167.514954
168.064954
168.614954
169.164954
169.714954
170.264954
170.814954
171.364954
171.914954
172.464954
174.064954
174.614954
175.164954
175.714954
177.314954
177.864954
178.414954
178.964954
179.514954
180.064954
180.614954
181.164954
181.714954
182.264954
182.814954
183.364954
183.914954
184.464954
185.014954
185.564954
186.114954
186.664954
187.214954
187.764954
188.314954
188.864954
189.414954
189.964954
190.514954
191.064954
191.614954
193.214954
193.764954
194.314954
194.864954
195.414954
195.964954
196.514954
198.114954
199.714954
