1.144554
1.694554
3.964954
5.544554
6.094554
6.644554
7.194554
7.744554
9.314954
9.864954
10.414954
10.964954
11.514954
12.064954
12.614954
13.164954
14.764954
16.679754
17.214954
17.764954
18.314954
20.479754
22.079754
23.679754
24.229754
24.779754
25.314954
25.864954
26.414954
26.964954
27.514954
28.064954
28.614954
29.164954
29.714954
30.264954
30.814954
31.364954
31.914954
32.464954
33.014954
33.564954
35.164954
35.714954
36.264954
36.814954
37.364954
37.914954
38.464954
39.014954
39.564954
40.114954
41.714954
42.264954
42.814954
43.364954
43.914954
44.464954
45.014954
45.564954
46.114954
46.664954
47.214954
47.764954
48.314954
50.214954
50.764954
51.314954
51.864954
52.414954
52.964954
53.514954
54.064954
54.614954
55.164954
55.714954
56.264954
57.864954
58.414954
58.964954
59.514954
60.064954
60.614954
61.164954
63.064954
63.614954
64.164954
64.714954
66.864954
67.414954
67.964954
68.514954
69.064954
69.614954
70.164954
70.714954
71.264954
71.814954
72.364954
72.914954
73.464954
74.014954
74.564954
75.114954
75.664954
76.214954
77.814954
78.364954
78.914954
79.464954
80.109357
80.714717
81.292397
81.664954
82.214954
82.764954
83.314954
83.864954
84.414954
84.964954
85.514954
86.064954
86.614954
87.164954
87.714954
88.264954
88.814954
89.364954
89.914954
90.464954
92.064954
92.614954
93.164954
93.714954
94.264954
94.814954
95.364954
95.914954
96.464954
97.014954
97.564954
98.114954
98.664954
99.214954
99.764954
100.314954
100.864954
101.414954
101.964954
102.514954
103.064954
103.614954
104.164954
104.714954
105.264954
105.814954
107.714954
108.279754
108.829754
109.379754
109.914954
110.464954
111.014954
111.564954
112.114954
112.664954
113.214954
113.764954
114.314954
114.864954
115.414954
115.964954
116.514954
117.064954
117.614954
118.164954
120.314954
120.864954
121.414954
121.964954
124.114954
124.664954
125.214954
125.764954
126.314954
126.864954
127.414954
127.964954
128.514954
129.064954
129.614954
130.164954
130.714954
131.264954
131.814954
132.364954
132.914954
133.464954
134.014954
134.564954
135.114954
135.664954
137.814954
139.414954
139.964954
140.514954
141.064954
141.614954
142.164954
142.714954
144.614954
145.164954
145.714954
146.264954
146.814954
147.364954
147.914954
148.464954
149.014954
149.564954
151.714954
152.264954
152.814954
153.364954
153.914954
154.464954
155.014954
155.564954
156.114954
156.664954
157.214954
157.764954
158.314954
158.864954
159.414954
159.964954
160.514954
161.064954
161.614954
162.164954
162.714954
163.264954
163.814954
164.364954
164.914954
165.464954
166.014954
166.564954
167.114954
167.664954
168.214954
168.764954
169.314954
169.864954
170.414954
170.964954
171.514954
172.064954
174.214954
174.764954
175.314954
177.464954
178.014954
178.564954
179.114954
179.664954
180.214954
180.764954
181.314954
181.864954
182.414954
182.964954
183.514954
184.064954
184.614954
185.164954
185.714954
186.264954
186.814954
187.364954
187.914954
188.464954
189.014954
189.564954
190.114954
190.664954
191.214954
193.364954
193.914954
194.464954
195.014954
195.564954
196.114954
199.864954
