1.159354
1.709354
2.794554
3.344554
3.894554
4.444554
4.979754
6.864954
8.467837
8.990157
9.530804
10.064954
10.614954
11.164954
11.714954
13.314954
14.914954
15.464954
16.014954
16.564954
17.114954
17.664954
18.214954
18.764954
19.314954
19.864954
22.029754
22.579754
26.079754
28.229754
28.779754
29.329754
29.879754
30.429754
30.979754
31.529754
32.136022
32.629754
33.179754
33.714954
34.264954
34.814954
35.364954
35.914954
36.464954
37.014954
37.564954
38.114954
38.664954
39.214954
39.764954
40.314954
40.864954
41.414954
41.964954
42.514954
43.064954
43.614954
44.164954
44.714954
45.264954
45.814954
46.364954
48.514954
49.064954
49.614954
50.164954
50.714954
51.264954
51.814954
52.364954
52.914954
53.464954
54.014954
54.564954
55.114954
57.264954
58.864954
59.414954
59.964954
60.514954
61.064954
62.964954
63.514954
64.064954
64.614954
65.164954
65.714954
66.264954
66.814954
67.379754
67.929754
70.064954
70.614954
71.179754
71.729754
72.279754
72.844554
73.394554
73.929754
74.479754
75.029754
75.564954
76.114954
76.664954
77.214954
77.764954
78.314954
78.864954
79.414954
79.964954
80.514954
81.064954
81.614954
82.164954
82.714954
84.314954
85.929754
86.479754
87.029754
87.579754
88.114954
88.664954
89.214954
89.764954
90.314954
90.864954
91.414954
91.964954
92.514954
93.064954
93.614954
94.164954
94.714954
95.264954
95.814954
96.364954
96.914954
97.464954
98.014954
99.614954
100.164954
100.722234
101.264954
101.814954
102.364954
102.914954
103.464954
104.014954
105.914954
106.464954
107.014954
107.564954
108.114954
109.714954
110.264954
110.814954
111.364954
111.914954
112.464954
113.014954
114.614954
115.164954
117.079754
117.629754
118.179754
118.729754
120.314954
122.214954
122.764954
123.314954
123.864954
124.414954
124.964954
125.514954
126.064954
126.614954
127.164954
127.729754
128.279754
128.814954
130.964954
131.514954
132.064954
132.614954
133.164954
133.714954
134.264954
134.814954
135.364954
135.914954
136.464954
137.014954
137.564954
138.114954
138.679754
139.229754
139.779754
140.329754
140.879754
141.429754
141.979754
142.529754
143.079754
143.614954
144.164954
144.714954
145.264954
145.814954
146.379754
146.914954
147.464954
148.014954
148.564954
149.114954
149.664954
150.214954
150.764954
151.314954
153.464954
154.014954
154.564954
155.114954
155.664954
157.264954
157.814954
159.414954
159.964954
160.514954
161.064954
161.614954
162.164954
162.714954
163.264954
163.814954
164.364954
164.914954
165.464954
166.014954
167.914954
168.464954
169.014954
169.564954
170.114954
170.664954
171.214954
171.764954
172.314954
172.864954
173.414954
173.964954
174.514954
176.129754
176.679754
177.229754
177.764954
178.314954
178.864954
179.414954
179.964954
180.529754
181.079754
181.614954
182.164954
182.714954
183.264954
183.814954
184.364954
184.914954
185.464954
186.014954
186.564954
187.114954
187.664954
188.214954
188.764954
189.314954
189.864954
190.414954
190.964954
191.529754
192.079754
192.629754
193.164954
193.714954
194.264954
194.814954
195.364954
195.914954
196.464954
197.014954
197.564954
198.114954
198.664954
199.214954
199.764954
