1.144483
1.694483
2.244483
2.779683
3.329683
3.879683
4.429683
4.964883
5.514883
6.064883
6.614883
7.164883
7.714883
8.264883
8.814883
9.364883
9.914883
10.464883
11.014883
11.564883
12.114883
12.679683
13.229683
13.779683
14.314883
14.864883
15.414883
15.964883
16.514883
17.064883
17.614883
18.164883
18.714883
19.264883
19.814883
20.364878
20.914873
21.464869
22.014866
22.564864
23.114863
23.664862
24.214863
24.764864
25.314865
25.864868
26.414871
26.964876
27.514883
28.064892
28.614903
29.164916
29.729734
30.264955
30.814980
31.436384
32.121318
32.615075
33.165095
34.765110
35.315110
37.480234
