1.159354
1.709354
2.259354
2.809354
3.344554
3.894554
4.994554
6.864954
8.414954
8.964954
9.514954
10.064954
10.614954
11.164954
11.714954
12.264954
13.864954
14.414954
14.964954
15.514954
16.064954
16.614954
17.164954
17.714954
18.264954
18.814954
19.364954
19.914954
20.464954
21.014954
22.614954
23.177854
23.714954
24.277854
24.814954
25.378168
25.914954
26.464954
28.079754
28.629754
29.179754
29.729754
30.279754
30.829754
31.379754
33.264954
33.814954
35.964954
36.514954
37.064954
38.664954
39.214954
39.764954
40.314954
40.864954
41.414954
41.964954
42.514954
44.114954
44.664954
45.214954
45.764954
46.314954
46.864954
47.414954
47.964954
48.514954
49.064954
50.664954
51.214954
51.764954
52.314954
52.864954
53.414954
55.014954
55.564954
56.114954
56.664954
57.214954
59.364954
59.929754
60.464954
62.364954
64.514954
65.064954
65.614954
67.214954
67.764954
68.314954
68.864954
69.414954
71.314954
71.864954
72.414954
72.964954
73.514954
74.064954
74.614954
76.764954
77.314954
77.864954
78.414954
78.964954
81.114954
81.664954
82.214954
82.764954
83.314954
83.864954
84.414954
84.964954
85.514954
86.064954
86.614954
87.164954
88.764954
89.314954
89.864954
91.764954
92.314954
92.864954
93.414954
93.964954
94.514954
95.064954
95.629754
96.164954
96.714954
97.264954
97.814954
98.364954
99.979754
100.529754
102.664954
103.214954
103.764954
104.314954
104.864954
105.414954
105.964954
106.529754
107.064954
107.614954
108.164954
108.714954
109.264954
109.814954
110.364954
110.914954
112.514954
113.064954
113.614954
114.164954
114.714954
115.264954
115.814954
116.364954
116.914954
117.464954
118.014954
118.564954
119.114954
119.664954
121.564954
122.114954
122.664954
123.214954
123.764954
124.329754
124.864954
125.414954
125.964954
126.514954
127.064954
127.614954
128.164954
128.714954
129.264954
129.814954
130.364954
132.514954
133.064954
133.614954
134.164954
134.714954
135.264954
135.814954
136.364954
136.914954
138.514954
139.064954
139.614954
140.164954
140.714954
141.264954
141.814954
142.364954
142.914954
144.514954
145.079754
145.614954
147.514954
148.064954
148.614954
150.214954
150.764954
151.314954
151.864954
152.414954
152.964954
154.564954
155.114954
156.714954
157.264954
157.814954
158.364954
158.914954
159.464954
160.014954
160.564954
161.114954
161.664954
162.214954
162.764954
163.314954
163.864954
164.414954
164.964954
165.529754
166.064954
166.614954
167.164954
167.714954
168.264954
168.814954
169.364954
169.914954
170.464954
171.014954
171.564954
172.114954
172.664954
173.214954
173.764954
174.314954
174.864954
175.414954
175.964954
176.514954
177.064954
178.664954
179.214954
179.764954
180.314954
180.864954
181.414954
181.964954
182.514954
183.064954
184.964954
185.514954
186.064954
186.614954
187.164954
187.714954
188.264954
188.814954
189.364954
189.914954
190.464954
191.014954
191.564954
192.114954
192.664954
193.214954
193.764954
194.329754
194.864954
195.414954
195.964954
196.514954
197.064954
197.614954
198.164954
198.714954
199.264954
199.814954
