1.129906
1.679906
2.229906
3.315106
3.865106
5.765106
6.365106
6.915106
8.515106
10.115106
13.615106
15.765106
17.365106
17.915106
18.465106
20.615106
21.165106
21.715106
23.865106
24.415106
26.579906
28.465106
29.015106
29.565106
30.115106
31.779886
33.315106
35.215106
35.765106
36.315106
36.865106
38.465106
39.015106
41.165106
41.715106
42.265106
43.865106
45.765106
46.315106
47.929906
48.479906
49.015106
49.565106
50.115106
53.615106
55.765106
57.915106
63.265106
65.415106
67.565106
69.165106
69.715106
70.265106
73.765106
76.965106
77.515106
80.715106
81.265106
81.815106
82.365106
82.915106
83.465106
84.015106
84.565106
85.115106
88.615106
90.779906
91.315106
91.865106
92.415106
92.965106
93.515106
95.665106
96.215106
96.765106
98.915106
101.065106
104.815106
105.365106
105.915106
108.065106
110.215106
111.815106
113.415106
113.965106
114.515106
115.065106
117.215106
119.115106
126.065106
126.615106
128.765106
129.315106
130.915106
133.065106
136.265106
136.815106
138.715106
140.315106
142.215106
142.765106
143.315106
144.915106
146.515106
150.265106
150.815106
151.365106
152.965106
153.515106
155.665106
156.215106
157.815106
158.365106
158.915106
159.465106
161.065106
161.615106
163.215106
163.765106
165.365106
169.115106
171.015106
171.565106
173.165106
173.715106
174.265106
177.765106
179.365106
181.265106
181.815106
182.365106
186.129906
186.679906
187.229906
187.779906
192.565106
194.165106
196.315106
199.815106
