0.000000
0.000000
0.000000
0.000000
0.000000
0.000000
0.000000
0.000000
0.000000
0.000000
0.000000
0.000000
0.000000
0.000000
0.000000
0.000000
0.000000
0.000000
0.000000
0.000000
0.000000
0.000000
0.000000
0.000000
0.000000
0.000000
0.000000
0.000000
27.519643
27.519643
27.519643
0.000000
28.234443
28.234443
28.319842
28.619643
0.000000
29.169643
29.334443
29.969842
29.969842
0.000000
30.269643
30.513131
30.269643
30.269643
30.289083
30.269643
30.269643
30.269643
30.269643
30.289083
30.513131
30.269643
30.269643
30.269643
30.513131
30.269643
30.269643
0.000000
30.289083
30.269643
30.269643
31.102091
30.839091
30.819643
31.102091
30.819643
30.819643
30.819643
30.819643
30.819643
30.819643
31.102091
30.819643
30.819643
31.102091
30.819643
30.819643
31.102091
30.289083
30.819643
30.819643
31.764828
31.440859
31.440859
31.440859
31.764828
31.440859
31.440859
31.764828
31.922048
31.440859
31.440859
31.440859
31.440859
31.440859
31.440859
31.440859
31.764828
31.440859
31.440859
0.000000
0.000000
33.484642
33.484642
33.484642
0.000000
35.069842
0.000000
35.619842
35.619842
35.619842
35.619842
0.000000
36.719842
36.719842
0.000000
37.369643
37.569643
0.000000
38.469643
38.619842
38.619842
38.669643
0.000000
39.169842
39.219643
39.569643
0.000000
40.319643
0.000000
41.319842
41.419643
41.719643
41.719643
0.000000
42.269643
42.519643
0.000000
43.369643
43.619643
44.019842
44.019842
44.019842
0.000000
44.169643
44.469643
0.000000
45.269643
45.569643
0.000000
46.119643
46.369643
0.000000
47.769643
48.069842
0.000000
48.069842
48.319643
48.519643
48.519643
48.619842
48.619842
48.619842
0.000000
49.734642
0.000000
50.169643
50.169643
50.769643
50.769643
0.000000
51.269643
51.319643
0.000000
0.000000
0.000000
0.000000
0.000000
0.000000
0.000000
0.000000
0.000000
0.000000
0.000000
0.000000
0.000000
0.000000
0.000000
0.000000
67.384443
67.384443
67.419643
67.424330
67.419643
0.000000
68.519643
0.000000
69.319842
69.619643
69.869842
70.069643
70.069643
0.000000
70.169643
70.619643
0.000000
71.184443
71.819643
0.000000
0.000000
0.000000
0.000000
0.000000
0.000000
0.000000
0.000000
0.000000
0.000000
0.000000
0.000000
0.000000
0.000000
0.000000
87.034443
87.034443
87.034443
0.000000
87.169643
87.584443
0.000000
88.119643
88.269643
88.469842
88.469842
0.000000
89.219643
89.369643
0.000000
90.319643
90.619842
0.000000
91.169842
91.169842
91.419643
0.000000
0.000000
0.000000
0.000000
0.000000
0.000000
0.000000
0.000000
