0.000000
0.000000
0.000000
0.000000
0.000000
0.000000
0.000000
0.000000
0.000000
0.000000
0.000000
0.000000
0.000000
12.152864
12.191677
0.000000
13.257504
13.291677
14.033627
14.047467
14.061307
14.075147
14.088987
0.000000
14.352864
14.391677
14.583627
0.000000
15.133627
15.491677
0.000000
16.133627
16.147467
16.233627
16.591677
0.000000
17.333627
17.383969
17.425489
17.439329
17.691677
0.000000
18.241677
18.297467
18.433627
18.525489
18.833627
0.000000
19.341677
19.383627
19.533627
0.000000
20.441672
20.633627
20.652297
20.666137
20.693817
20.707657
0.000000
21.183969
21.211649
21.541664
0.000000
0.000000
0.000000
0.000000
0.000000
0.000000
0.000000
0.000000
0.000000
0.000000
0.000000
0.000000
0.000000
0.000000
0.000000
0.000000
0.000000
0.000000
0.000000
0.000000
0.000000
0.000000
0.000000
0.000000
0.000000
0.000000
0.000000
0.000000
0.000000
0.000000
0.000000
0.000000
0.000000
0.000000
0.000000
0.000000
57.383627
57.397467
57.483627
57.933969
0.000000
58.583627
0.000000
59.533627
59.547467
59.683627
0.000000
60.233627
60.633627
0.000000
61.333627
0.000000
62.233627
62.247467
0.000000
63.483627
63.497467
0.000000
64.383627
64.397467
64.583627
0.000000
65.147467
65.433969
65.461649
65.483627
65.489329
65.503169
65.517009
65.530849
0.000000
66.233627
0.000000
0.000000
0.000000
0.000000
0.000000
0.000000
0.000000
0.000000
0.000000
0.000000
0.000000
0.000000
0.000000
0.000000
0.000000
0.000000
0.000000
0.000000
0.000000
0.000000
0.000000
0.000000
0.000000
0.000000
0.000000
0.000000
0.000000
0.000000
0.000000
0.000000
0.000000
0.000000
0.000000
