0.000000
0.000000
0.000000
0.000000
0.000000
0.000000
0.000000
0.000000
0.000000
0.000000
0.000000
0.000000
0.000000
0.000000
0.000000
0.000000
0.000000
0.000000
0.000000
0.000000
0.000000
0.000000
0.000000
0.000000
0.000000
0.000000
0.000000
0.000000
27.533627
27.547467
27.561307
0.000000
28.248427
28.262267
28.347809
28.633627
0.000000
29.183627
29.348427
29.983969
29.997809
0.000000
30.283627
30.527115
30.540955
30.554795
30.568635
30.582475
30.596315
30.610155
30.637835
30.651675
30.665515
30.693195
30.707035
30.720875
30.734715
30.748555
30.762395
0.000000
31.116075
31.129915
31.143755
31.157595
31.171435
31.185275
31.199115
31.212955
31.226795
31.254475
31.268315
31.282155
31.309835
31.323675
31.337515
31.351355
31.365195
31.379035
31.392875
31.406715
31.778812
31.792652
31.806492
31.820332
31.848012
31.861852
31.875692
31.889532
31.903372
31.917212
31.931052
31.936033
31.944892
31.972572
31.986412
32.000252
32.014092
32.041772
32.055612
32.069452
32.083292
32.097132
0.000000
0.000000
33.498769
33.526449
33.540289
0.000000
35.097809
0.000000
35.647809
35.661649
35.675489
35.689329
0.000000
36.733969
36.747809
0.000000
37.393584
37.583627
0.000000
38.483627
38.633969
38.647809
38.683627
0.000000
39.183969
39.233627
39.583627
0.000000
40.333627
0.000000
41.347809
41.433627
41.733627
41.747467
0.000000
42.283627
42.533627
0.000000
43.383627
43.633627
44.033969
44.047809
44.061649
0.000000
44.183627
44.483627
0.000000
45.283627
45.588218
0.000000
46.133627
46.383627
0.000000
47.783627
48.097809
0.000000
48.125489
48.333627
48.533627
48.547467
48.633969
48.647809
48.675489
0.000000
49.776449
0.000000
50.183627
50.197467
50.797467
50.811307
0.000000
51.283627
51.333627
0.000000
0.000000
0.000000
0.000000
0.000000
0.000000
0.000000
0.000000
0.000000
0.000000
0.000000
0.000000
0.000000
0.000000
0.000000
0.000000
67.398427
67.412267
67.433627
67.438457
67.447467
0.000000
68.533627
0.000000
69.333969
69.633627
69.883969
70.083627
70.097467
0.000000
70.183627
70.633627
0.000000
71.198427
71.833627
0.000000
0.000000
0.000000
0.000000
0.000000
0.000000
0.000000
0.000000
0.000000
0.000000
0.000000
0.000000
0.000000
0.000000
0.000000
87.048427
87.062267
87.076107
0.000000
87.183731
87.598427
0.000000
88.133627
88.283627
88.483969
88.497809
0.000000
89.233627
89.383627
0.000000
90.333627
90.661649
0.000000
91.197809
91.211649
91.433627
0.000000
0.000000
0.000000
0.000000
0.000000
0.000000
0.000000
0.000000
