0.000000
0.000000
0.000000
0.000000
0.000000
0.000000
0.000000
6.118528
6.118528
6.118528
6.118528
6.118528
6.118528
6.118528
6.219643
6.219643
6.219643
6.219643
6.219643
6.219643
6.219643
6.653728
6.649066
6.649066
6.649066
6.649066
6.649066
6.649066
6.649066
6.769643
6.769643
0.000000
7.203728
7.199066
7.319643
7.819842
7.819842
7.819842
7.819842
7.819842
0.000000
8.288928
8.284266
8.369842
8.369842
8.919842
8.919842
0.000000
9.388928
9.384266
9.469643
9.469643
9.474330
0.000000
10.488928
10.484266
10.569643
11.069842
0.000000
11.119643
11.584266
0.000000
0.000000
0.000000
0.000000
0.000000
0.000000
0.000000
0.000000
0.000000
0.000000
0.000000
0.000000
0.000000
0.000000
0.000000
0.000000
0.000000
0.000000
0.000000
0.000000
0.000000
0.000000
0.000000
0.000000
0.000000
0.000000
0.000000
0.000000
0.000000
0.000000
0.000000
0.000000
0.000000
0.000000
0.000000
0.000000
0.000000
0.000000
0.000000
0.000000
51.919643
51.919643
51.919643
0.000000
52.469643
52.819643
0.000000
53.369643
53.374330
53.569643
0.000000
54.469643
0.000000
55.169643
55.169643
55.569643
0.000000
56.069842
56.069842
56.119643
56.619842
56.619842
0.000000
0.000000
0.000000
0.000000
0.000000
0.000000
0.000000
0.000000
0.000000
0.000000
0.000000
0.000000
0.000000
0.000000
0.000000
0.000000
0.000000
0.000000
0.000000
0.000000
0.000000
77.419842
77.269842
77.269842
77.319643
77.969643
77.269842
77.969643
77.974330
77.834642
0.000000
78.519643
0.000000
79.619643
0.000000
77.319643
77.969643
78.419857
80.119842
77.969643
79.969842
80.269643
80.119842
80.719299
78.384642
80.719299
79.969842
80.519842
80.719299
80.269643
0.000000
78.519643
77.319643
81.419643
81.119643
81.119643
81.119643
81.769842
79.619643
77.969643
0.000000
82.519643
82.869842
77.969643
82.869842
0.000000
83.119643
83.119643
83.619643
0.000000
84.169643
84.219643
77.969643
84.469842
85.019842
0.000000
85.269643
85.319643
0.000000
86.369643
86.419643
0.000000
0.000000
0.000000
0.000000
0.000000
0.000000
0.000000
0.000000
0.000000
0.000000
96.619643
0.000000
97.169643
97.174330
97.219643
0.000000
98.269643
98.319643
0.000000
99.369643
99.419643
100.669842
101.769842
