0.000000
0.000000
0.000000
0.000000
0.000000
0.000000
0.000000
6.132513
6.146353
6.160193
6.174033
6.187873
6.201713
6.215553
6.233627
6.247467
6.261307
6.275147
6.288987
6.302827
6.316667
6.667713
6.691677
6.705517
6.719357
6.733197
6.747037
6.760877
6.774717
6.783627
6.797467
0.000000
7.217713
7.241677
7.333627
7.847809
7.875489
7.889329
7.917009
7.930849
0.000000
8.302913
8.341677
8.439329
8.453169
8.933969
8.947809
0.000000
9.402913
9.441677
9.483627
9.497467
9.516137
0.000000
10.502913
10.541677
10.583627
11.097809
0.000000
11.133627
11.641677
0.000000
0.000000
0.000000
0.000000
0.000000
0.000000
0.000000
0.000000
0.000000
0.000000
0.000000
0.000000
0.000000
0.000000
0.000000
0.000000
0.000000
0.000000
0.000000
0.000000
0.000000
0.000000
0.000000
0.000000
0.000000
0.000000
0.000000
0.000000
0.000000
0.000000
0.000000
0.000000
0.000000
0.000000
0.000000
0.000000
0.000000
0.000000
0.000000
0.000000
51.933627
51.947467
51.961307
0.000000
52.483627
52.833627
0.000000
53.383627
53.402297
53.583627
0.000000
54.483627
0.000000
55.183627
55.197467
55.583627
0.000000
56.111649
56.125489
56.133627
56.633969
56.661649
0.000000
0.000000
0.000000
0.000000
0.000000
0.000000
0.000000
0.000000
0.000000
0.000000
0.000000
0.000000
0.000000
0.000000
0.000000
0.000000
0.000000
0.000000
0.000000
0.000000
0.000000
77.433969
77.461649
77.475489
77.489329
77.983627
77.988457
77.997467
78.002297
78.016137
0.000000
78.533627
0.000000
79.633627
0.000000
80.133969
80.161649
80.189329
80.203169
80.258529
80.272369
80.283627
80.327729
80.733425
80.747265
80.761105
80.802625
80.830305
80.871825
80.885665
0.000000
81.395105
81.422785
81.433731
81.436625
81.450465
81.478145
81.783969
81.797809
81.811649
0.000000
82.533731
82.897809
82.911649
82.925489
0.000000
83.133627
83.147467
83.633731
0.000000
84.183731
84.233627
84.483969
84.553169
85.061649
0.000000
85.283731
85.333627
0.000000
86.383627
86.433627
0.000000
0.000000
0.000000
0.000000
0.000000
0.000000
0.000000
0.000000
0.000000
0.000000
96.633731
0.000000
97.183731
97.188457
97.233627
0.000000
98.283627
98.333627
0.000000
99.383627
99.433627
100.707567
101.783969
