0.000000
0.000000
0.000000
0.000000
0.000000
0.000000
0.000000
0.000000
0.000000
0.000000
0.000000
0.000000
0.000000
12.134288
12.138906
0.000000
13.234288
13.238906
14.019643
14.019643
14.019643
14.019643
14.019643
0.000000
14.334288
14.338906
14.569643
0.000000
15.119643
15.434349
0.000000
16.119643
16.119643
16.219643
16.534349
0.000000
17.319643
17.369842
17.369842
17.369842
17.634349
0.000000
18.184349
18.269643
18.419643
18.469842
18.819643
0.000000
19.284349
19.369643
19.519643
0.000000
20.384343
20.619643
20.624330
20.624330
20.624330
20.624330
0.000000
21.169842
21.169842
21.484330
0.000000
0.000000
0.000000
0.000000
0.000000
0.000000
0.000000
0.000000
0.000000
0.000000
0.000000
0.000000
0.000000
0.000000
0.000000
0.000000
0.000000
0.000000
0.000000
0.000000
0.000000
0.000000
0.000000
0.000000
0.000000
0.000000
0.000000
0.000000
0.000000
0.000000
0.000000
0.000000
0.000000
0.000000
0.000000
0.000000
57.369643
57.369643
57.469643
57.919842
0.000000
58.569643
0.000000
59.519643
59.519643
59.669643
0.000000
60.219643
60.619643
0.000000
61.319643
0.000000
62.219643
62.219643
0.000000
63.469643
63.469643
0.000000
64.369643
64.369643
64.569643
0.000000
65.119643
65.419842
65.419842
65.469643
65.419842
65.419842
65.419842
65.419842
0.000000
66.219643
0.000000
0.000000
0.000000
0.000000
0.000000
0.000000
0.000000
0.000000
0.000000
0.000000
0.000000
0.000000
0.000000
0.000000
0.000000
0.000000
0.000000
0.000000
0.000000
0.000000
0.000000
0.000000
0.000000
0.000000
0.000000
0.000000
0.000000
0.000000
0.000000
0.000000
0.000000
0.000000
0.000000
