0.000000
0.000000
0.000000
0.000000
0.000000
0.000000
0.000000
0.000000
0.000000
0.000000
0.000000
0.000000
0.000000
0.000000
0.000000
0.000000
0.000000
0.000000
0.000000
0.000000
0.000000
0.000000
0.000000
0.000000
0.000000
0.000000
0.000000
0.000000
0.000000
0.000000
0.000000
30.269643
30.269643
30.289083
30.269643
30.269643
30.269643
30.289083
30.269643
30.289083
30.269643
30.269643
30.269643
30.269643
30.269643
30.269643
30.269643
30.269643
30.819643
30.839091
30.819643
30.819643
30.819643
30.819643
30.819643
30.819643
30.819643
30.819643
30.819643
30.819643
30.819643
30.819643
30.819643
30.819643
30.819643
30.819643
0.000000
31.440859
31.440859
31.440859
31.440859
31.440859
31.440859
31.440859
31.440859
31.440859
31.440859
31.440859
31.440859
31.440859
31.440859
31.440859
31.440859
31.440859
31.440859
31.440859
31.440859
0.000000
32.106346
32.106346
32.469643
32.469643
31.102091
30.289083
30.819643
32.469643
31.764828
32.469643
31.440859
32.469643
31.764828
31.440859
31.440859
31.764828
31.922048
32.469643
31.440859
31.440859
31.440859
31.440859
31.440859
31.440859
31.764828
31.440859
31.440859
32.469643
33.039267
0.000000
33.569643
33.484642
0.000000
33.484642
34.119643
34.124330
0.000000
35.069842
35.234443
35.619842
35.619842
35.619842
0.000000
36.284642
36.284642
36.284642
36.334443
0.000000
0.000000
0.000000
0.000000
0.000000
0.000000
0.000000
0.000000
0.000000
0.000000
0.000000
0.000000
0.000000
0.000000
0.000000
0.000000
0.000000
0.000000
0.000000
0.000000
0.000000
0.000000
0.000000
0.000000
0.000000
0.000000
0.000000
0.000000
0.000000
0.000000
0.000000
0.000000
0.000000
0.000000
0.000000
71.869643
71.869643
0.000000
71.819643
72.119643
72.419643
72.674330
0.000000
73.219643
73.519643
0.000000
74.319643
74.619643
0.000000
75.419643
75.684642
75.684642
0.000000
76.769643
76.769643
0.000000
77.269842
77.269842
77.269842
77.319643
77.419842
77.834642
77.319643
0.000000
77.969643
78.384642
78.419857
77.974330
78.384642
0.000000
79.969842
77.969643
79.969842
78.519643
79.969842
79.619643
0.000000
80.519842
77.319643
77.969643
80.119842
80.269643
81.069842
78.519643
0.000000
77.319643
81.119643
81.119643
77.969643
81.119643
0.000000
0.000000
0.000000
0.000000
0.000000
0.000000
0.000000
0.000000
0.000000
0.000000
0.000000
92.119643
92.169842
92.169842
92.169842
92.319643
0.000000
93.219643
93.419643
0.000000
94.319643
94.519643
0.000000
95.419643
0.000000
96.169643
96.169643
0.000000
0.000000
0.000000
