0.000000
0.000000
0.000000
0.000000
0.000000
0.000000
0.000000
0.000000
0.000000
0.000000
0.000000
0.000000
0.000000
0.000000
0.000000
0.000000
0.000000
0.000000
0.000000
0.000000
0.000000
0.000000
0.000000
0.000000
0.000000
0.000000
0.000000
0.000000
0.000000
0.000000
0.000000
30.283627
30.297467
30.303070
30.311307
30.325147
30.338987
30.344591
30.352827
30.358432
30.380507
30.394347
30.408187
30.422027
30.435867
30.449707
30.463547
30.477387
30.833627
30.853102
30.861307
30.875147
30.888987
30.902827
30.916667
30.930507
30.944347
30.958187
30.972027
30.985867
30.999707
31.013547
31.041227
31.055067
31.068907
31.082747
0.000000
31.454843
31.468683
31.496363
31.510203
31.524043
31.537883
31.551723
31.565563
31.579403
31.593243
31.607083
31.620923
31.634763
31.648603
31.662443
31.676283
31.690123
31.703963
31.717803
31.731643
0.000000
32.120420
32.134261
32.483627
32.497467
32.511307
32.525147
32.538987
32.552827
32.566667
32.580507
32.594347
32.608187
32.622027
32.635867
32.649707
32.663547
32.677387
32.691227
32.705067
32.718907
32.732747
32.746587
32.760427
32.774267
32.788107
32.801947
32.815787
32.829627
33.053394
0.000000
33.583627
33.611307
0.000000
34.133627
34.147467
34.152297
0.000000
35.248427
35.262267
35.812267
35.826107
35.839947
0.000000
36.298769
36.326449
36.340289
36.348427
0.000000
0.000000
0.000000
0.000000
0.000000
0.000000
0.000000
0.000000
0.000000
0.000000
0.000000
0.000000
0.000000
0.000000
0.000000
0.000000
0.000000
0.000000
0.000000
0.000000
0.000000
0.000000
0.000000
0.000000
0.000000
0.000000
0.000000
0.000000
0.000000
0.000000
0.000000
0.000000
0.000000
0.000000
0.000000
71.883627
71.897467
0.000000
72.133627
72.147467
72.433627
72.688457
0.000000
73.233627
73.533627
0.000000
74.333627
74.633627
0.000000
75.433627
75.712609
75.726449
0.000000
76.783627
76.797467
0.000000
77.283969
77.297809
77.311649
77.333627
77.862609
77.876449
77.904129
0.000000
78.412609
78.426449
78.433842
78.454129
78.481809
0.000000
79.983969
80.011649
80.039329
80.067009
80.080849
80.094689
0.000000
80.547809
80.603169
80.617009
80.644689
80.686209
81.083969
81.097809
0.000000
81.125489
81.133627
81.147467
81.153169
81.161307
0.000000
0.000000
0.000000
0.000000
0.000000
0.000000
0.000000
0.000000
0.000000
0.000000
0.000000
92.133627
92.183969
92.197809
92.211649
92.333627
0.000000
93.233627
93.433627
0.000000
94.333627
94.533627
0.000000
95.433627
0.000000
96.183627
96.197467
0.000000
0.000000
0.000000
