0
0
0
0
0
0
0
1
1
1
1
1
1
1
1
1
1
1
1
1
1
1
1
1
1
1
1
1
1
1
1
1
1
1
1
0
1
1
1
1
0
1
1
1
1
0
1
1
1
1
0
1
1
1
1
0
1
1
1
1
0
1
1
1
1
0
1
1
1
1
0
1
1
1
1
0
1
1
1
1
0
1
1
1
1
0
1
1
1
1
0
1
1
1
1
0
1
1
1
1
0
1
1
1
1
0
1
1
1
1
0
1
1
1
0
1
1
1
1
1
0
1
1
1
1
0
1
1
1
0
1
1
0
1
1
1
1
1
1
1
0
1
1
1
0
1
1
1
1
1
0
1
1
1
0
1
1
1
2
0
5
8
4
10
3
4
6
7
6
0
7
8
10
6
10
11
9
8
10
10
7
1
2
1
2
0
1
1
1
0
1
0
1
0
1
1
1
1
1
2
2
4
6
6
0
0
0
1
1
0
1
1
1
4
4
6
3
4
4
4
4
4
6
1
2
2
1
2
2
0
1
0
1
1
0
1
2
1
1
1
1
1
1
0
1
0
2
2
1
1
1
1
0
1
1
0
1
0
1
1
0
1
1
1
0
1
1
0
1
1
1
1
0
1
1
1
1
1
0
1
1
1
1
1
1
1
1
0
0
0
0
0
0
0
0
0
0
0
0
0
0
0
0
0
0
0
0
0
0
0
0
0
0
0
0
0
0
0
0
1
1
1
0
0
1
1
1
1
0
0
1
1
0
0
1
1
1
0
0
1
1
1
1
1
0
0
1
1
0
0
1
0
0
1
1
1
1
1
0
0
1
1
1
1
0
0
1
1
0
0
0
1
1
1
1
0
0
1
0
0
1
1
1
1
1
0
0
1
1
0
0
1
1
0
0
1
1
1
1
0
0
1
1
1
0
0
1
1
1
0
0
1
1
0
0
1
1
1
0
0
0
0
0
1
1
3
0
1
1
0
1
1
1
0
1
0
1
0
0
1
1
1
1
0
0
1
1
0
0
1
3
1
1
1
1
1
1
2
1
0
0
1
1
1
0
0
1
1
0
0
0
0
0
0
1
1
0
0
1
1
1
0
0
0
0
1
1
1
1
1
1
0
0
1
1
0
0
0
5
1
7
7
8
9
9
3
12
13
9
9
10
11
1
1
1
