52.100000
52.233627
53.100000
53.233627
53.247467
53.261307
53.275147
53.288987
53.848427
54.100000
54.333627
54.398427
55.100000
55.498427
56.100000
57.033627
57.047467
57.100000
57.583627
57.633627
57.647467
58.100000
58.133627
58.183627
59.100000
59.233627
59.283627
60.047809
60.075489
60.100000
60.117009
60.130849
60.144689
60.333627
60.383627
61.100000
61.133969
61.175489
61.217009
61.230849
61.433627
61.683969
61.697809
61.983627
92.000000
92.000000
92.000000
92.000000
92.100000
92.333627
92.338267
93.100000
93.433627
93.438267
93.747809
94.100000
95.100000
95.347809
95.348427
95.361649
95.362267
95.583627
95.597467
96.100000
96.133627
96.448427
102.000000
102.000000
102.000000
102.000000
102.000000
102.000000
102.000000
102.006875
102.020715
102.034555
102.048395
102.062235
102.076075
102.089915
105.083969
105.097809
105.111649
