47.000000
47.000000
47.000000
47.000000
47.000000
47.000000
47.000000
47.000000
47.100000
47.183627
47.188267
48.100000
48.283627
48.288267
48.293097
48.306937
48.320777
48.362297
48.389977
48.403817
48.417657
48.431497
48.445337
48.459177
48.473017
48.486857
48.500697
48.514537
48.528377
48.542217
48.556057
49.100000
49.383627
50.100000
50.433627
50.447467
51.100000
51.511649
51.553169
51.580849
51.594689
51.622369
51.636209
51.833627
51.847467
62.100000
62.733627
62.747467
62.761307
63.100000
63.293584
63.733627
63.747467
63.997809
64.100000
64.283627
64.383627
65.100000
65.557567
65.571407
66.093727
66.100000
66.433627
66.447467
66.543584
66.557424
66.643727
72.000000
72.100000
72.283969
72.483627
72.497467
72.583627
73.100000
73.133627
74.100000
74.233627
74.447809
74.633627
74.647467
74.983969
75.100000
75.333627
75.733627
76.100000
76.283627
76.433627
