27.100000
27.233627
27.333627
27.338457
27.347467
27.361307
27.552798
27.888457
28.100000
28.333627
28.443584
28.648177
29.100000
29.202830
29.433627
29.543584
30.043727
30.057567
30.100000
30.302866
30.533627
30.643584
31.100000
31.183627
31.398277
31.633627
67.100000
67.183627
67.483627
68.100000
68.283627
69.100000
69.133627
69.147467
69.383627
69.883969
69.897809
70.100000
70.233627
70.483627
70.997809
71.011649
71.100000
71.333627
71.583627
77.100000
77.333627
77.347467
77.383627
77.883627
78.100000
78.297809
78.433627
78.833969
79.100000
79.533627
79.538267
79.547467
80.100000
80.447809
80.633627
81.100000
81.183627
81.433627
81.447467
87.000000
87.000000
87.000000
87.000000
87.000000
87.000000
87.000000
87.000000
87.000000
87.000000
87.000000
87.000000
87.000000
87.000000
87.100000
87.133627
87.147467
87.161307
87.483627
88.100000
88.583627
88.733627
89.100000
89.283627
89.302297
89.329977
89.343817
89.357657
89.371497
89.385337
89.399177
89.838457
89.852297
90.100000
90.183627
90.197467
90.933627
91.100000
91.283627
91.483627
