6.500000
6.500000
6.500000
6.500000
6.500000
6.500000
6.500000
6.677783
6.682480
6.687063
6.691623
6.691703
6.696320
6.700903
6.705463
6.705543
6.710160
6.714743
6.719303
6.719383
6.724000
6.728583
6.733143
6.733223
6.737840
6.742423
6.746983
6.747063
6.751680
6.756263
6.760823
6.760903
6.765520
6.770103
6.774743
7.100000
7.227783
7.232423
7.237063
7.241703
8.100000
8.327783
8.332423
8.337063
8.341703
9.100000
9.427783
9.432423
9.437063
9.441703
10.100000
10.527783
10.532423
10.537063
10.541703
11.100000
11.627783
11.632423
11.637063
11.641703
12.100000
12.177783
12.182423
12.187063
12.191703
13.100000
13.277783
13.282423
13.287063
13.291703
14.100000
14.377783
14.382423
14.387063
14.391703
15.100000
15.477783
15.482423
15.487063
15.491703
16.100000
16.577783
16.582423
16.587063
16.591703
17.100000
17.127783
17.132423
17.137063
17.141703
18.100000
18.227783
18.232423
18.237063
18.241703
19.100000
19.327783
19.332423
19.337063
19.341703
20.100000
20.427777
20.433353
20.437072
20.441712
21.100000
21.527765
21.532405
21.537101
21.541741
22.100000
22.627760
22.632400
22.637147
23.100000
23.162958
23.167598
23.727051
23.736252
23.740892
24.100000
24.262958
24.267598
24.277089
24.286290
25.100000
25.362962
25.372516
25.378701
26.100000
26.448170
26.452810
27.100000
27.233627
27.333627
27.338457
27.347467
27.361307
27.552798
27.888457
28.100000
28.333627
28.443584
28.648177
29.100000
29.202830
29.433627
29.543584
30.043727
30.057567
30.100000
30.302866
30.533627
30.643584
31.100000
31.183627
31.398277
31.633627
37.000000
37.000000
37.000000
37.000000
37.007563
37.021403
37.035243
37.049083
37.062923
37.076763
37.090603
37.100000
37.104443
37.118283
37.132123
37.145963
37.159803
37.173643
37.187483
37.201323
37.215163
37.229003
37.242843
37.347809
37.498427
37.512267
38.047467
38.100000
38.433969
38.461649
38.583627
39.100000
39.133627
40.100000
40.233627
41.100000
41.138361
41.152201
41.166041
41.333627
47.000000
47.000000
47.000000
47.000000
47.000000
47.000000
47.000000
47.000000
47.100000
47.183627
47.188267
48.100000
48.283627
48.288267
48.293097
48.306937
48.320777
48.362297
48.389977
48.403817
48.417657
48.431497
48.445337
48.459177
48.473017
48.486857
48.500697
48.514537
48.528377
48.542217
48.556057
49.100000
49.383627
50.100000
50.433627
50.447467
51.100000
51.511649
51.553169
51.580849
51.594689
51.622369
51.636209
51.833627
51.847467
52.100000
52.233627
53.100000
53.233627
53.247467
53.261307
53.275147
53.288987
53.848427
54.100000
54.333627
54.398427
55.100000
55.498427
56.100000
57.033627
57.047467
57.100000
57.583627
57.633627
57.647467
58.100000
58.133627
58.183627
59.100000
59.233627
59.283627
60.047809
60.075489
60.100000
60.117009
60.130849
60.144689
60.333627
60.383627
61.100000
61.133969
61.175489
61.217009
61.230849
61.433627
61.683969
61.697809
61.983627
62.000000
62.000000
62.000000
62.000000
62.000000
62.000000
62.000000
62.000000
62.000000
62.000000
62.000000
62.000000
62.000000
62.000000
62.000000
62.000000
62.000000
62.000000
62.000000
62.000000
62.000000
62.000000
62.000000
62.000000
62.000000
62.000000
62.000000
62.000000
62.000000
62.000000
62.100000
62.100000
62.733627
62.747467
62.761307
63.100000
63.100000
63.293584
63.733627
63.747467
63.997809
64.100000
64.100000
64.283627
64.383627
65.100000
65.100000
65.557567
65.571407
66.093727
66.100000
66.100000
66.433627
66.447467
66.543584
66.557424
66.643727
67.100000
67.100000
67.183627
67.483627
68.100000
68.100000
68.283627
69.100000
69.100000
69.133627
69.147467
69.383627
69.883969
69.897809
70.100000
70.100000
70.233627
70.483627
70.997809
71.011649
71.100000
71.100000
71.333627
71.583627
72.000000
72.100000
72.100000
72.283969
72.483627
72.497467
72.583627
73.100000
73.100000
73.133627
74.100000
74.100000
74.233627
74.447809
74.633627
74.647467
74.983969
75.100000
75.100000
75.333627
75.733627
76.100000
76.100000
76.283627
76.433627
77.100000
77.100000
77.333627
77.347467
77.383627
77.883627
78.100000
78.100000
78.297809
78.433627
78.833969
79.100000
79.100000
79.533627
79.538267
79.547467
80.100000
80.100000
80.447809
80.633627
81.100000
81.100000
81.183627
81.433627
81.447467
82.100000
83.100000
84.100000
85.100000
86.100000
87.000000
87.000000
87.000000
87.000000
87.000000
87.000000
87.000000
87.000000
87.000000
87.000000
87.000000
87.000000
87.000000
87.000000
87.100000
87.100000
87.133627
87.147467
87.161307
87.483627
88.100000
88.100000
88.583627
88.733627
89.100000
89.100000
89.283627
89.302297
89.329977
89.343817
89.357657
89.371497
89.385337
89.399177
89.838457
89.852297
90.100000
90.100000
90.183627
90.197467
90.933627
91.100000
91.100000
91.283627
91.483627
92.000000
92.000000
92.000000
92.000000
92.100000
92.100000
92.333627
92.338267
93.100000
93.100000
93.433627
93.438267
93.747809
94.100000
94.100000
95.100000
95.100000
95.347809
95.348427
95.361649
95.362267
95.583627
95.597467
96.100000
96.100000
96.133627
96.448427
97.100000
98.100000
99.100000
102.000000
102.000000
102.000000
102.000000
102.000000
102.000000
102.000000
102.006875
102.020715
102.034555
102.048395
102.062235
102.076075
102.089915
105.083969
105.097809
105.111649
