4.465110
7.665110
8.165110
9.765110
10.315110
11.915110
15.665110
17.815110
18.365110
19.965110
21.565110
25.065110
26.665110
28.265110
28.815110
29.365110
29.915110
36.615110
38.215110
38.765110
40.915110
42.515110
43.065110
43.615110
44.165110
44.715110
45.265110
45.815110
47.415110
47.965110
48.515110
50.115110
50.665110
51.215110
51.765110
52.315110
53.915110
54.465110
56.065110
57.665110
58.215110
58.765110
62.265110
62.815110
64.415110
67.615110
68.165110
69.765110
71.915110
73.515110
75.115110
75.665110
76.215110
78.365110
78.915110
79.465110
80.015110
80.565110
85.665110
87.265110
87.815110
89.415110
92.915110
95.065110
97.215110
97.765110
99.365110
102.565110
104.165110
104.715110
111.415110
116.215110
118.365110
120.265110
120.815110
122.965110
123.515110
125.665110
126.215110
129.915110
132.065110
134.215110
134.765110
136.365110
139.865110
140.415110
142.565110
144.165110
145.765110
147.665110
149.265110
150.865110
156.215110
156.765110
158.365110
160.515110
161.065110
161.615110
162.165110
164.315110
165.915110
166.465110
167.015110
168.615110
170.215110
170.765110
174.265110
175.865110
177.465110
179.615110
181.765110
183.665110
187.415110
189.015110
192.515110
194.115110
194.665110
195.215110
197.365110
198.965110
