3.265110
5.415110
8.915110
9.465110
11.615110
12.165110
15.915110
21.265110
21.815110
22.365110
22.915110
23.465110
25.615110
30.415110
32.265110
32.815110
34.415110
36.565110
41.665110
42.215110
42.765110
43.484077
43.879910
45.563037
46.029910
47.839573
48.328717
52.965110
58.065110
60.215110
62.365110
66.115110
66.665486
68.398877
69.865110
70.415110
77.115110
77.665110
79.815110
81.415110
81.965110
83.565110
85.165110
88.365110
88.915110
90.515110
92.415110
94.565110
96.715110
98.865110
99.507677
99.965110
100.515110
102.115110
105.315110
106.915110
107.465110
109.065110
109.615110
111.215110
112.815110
113.365110
118.465110
119.015110
119.565110
123.315110
125.465110
129.215110
131.365110
131.929910
133.515110
134.079910
135.665110
137.565110
138.129910
138.665110
139.215110
140.829910
142.715110
144.329910
145.929910
147.815110
153.165110
153.715110
155.865110
157.465110
159.065110
160.679910
161.229910
162.815110
163.365110
165.515110
166.079910
166.629910
167.179910
167.715110
174.415110
176.029910
178.165110
179.779910
182.965110
184.865110
188.065110
189.665110
191.265110
192.865110
