1.129910
1.815110
3.965110
7.715110
8.265110
8.815486
9.365486
11.515110
12.079910
13.679910
15.279910
15.830286
16.315110
16.865110
17.415110
17.980286
18.529910
19.065110
22.265110
23.865110
25.479910
28.665110
31.865110
33.965110
37.165110
45.548237
46.015110
46.565110
47.115110
49.265110
53.015110
53.565110
55.165110
56.765110
59.965110
60.529910
61.065110
61.615110
62.165110
63.765110
64.315110
64.865110
66.465110
67.015110
67.800797
68.379437
73.465110
75.065110
76.665110
78.265110
78.815110
80.729910
82.329910
83.929910
89.015110
89.579910
91.179910
93.065110
97.865110
98.415110
100.315110
100.865110
101.415110
103.565110
104.115110
105.715110
106.265110
107.865110
108.415110
108.965110
109.515110
113.265110
113.815110
114.365110
114.915110
116.815110
117.365110
121.115110
123.265110
123.815110
125.415110
127.565110
128.115110
133.215110
133.765110
135.365110
140.465110
141.015110
141.565110
142.115110
144.265110
146.415110
148.015110
149.915110
152.065110
153.665110
155.829910
156.379910
156.929910
158.529910
160.129910
161.715110
164.915110
167.065110
173.765110
175.365110
176.965110
178.565110
179.115110
180.715110
181.265110
183.415110
185.015110
190.115110
192.265110
193.865110
195.465110
196.015110
196.565110
198.465110
