1.115110
3.415110
5.565110
7.165110
8.765110
9.315110
9.865110
11.465110
12.015110
12.565110
14.165110
15.765110
16.315110
17.915110
19.515110
21.665110
22.215110
22.765110
23.315110
23.865110
30.565110
32.115110
32.665110
34.565110
36.715110
38.315110
39.915110
42.065110
42.615110
43.165110
43.715110
45.715110
47.965110
53.115110
56.315110
58.465110
60.615110
62.765110
65.965110
66.515110
70.015110
70.565110
72.165110
73.765110
75.365110
76.965110
77.515110
78.065110
79.665110
81.565110
88.515110
90.665110
92.265110
92.815110
94.415110
94.965110
97.115110
98.715110
99.265110
99.816926
100.365110
107.065110
109.215110
112.965110
115.115110
116.715110
118.315110
118.865110
119.415110
121.565110
123.715110
129.065110
129.615110
131.215110
131.765110
133.665110
135.815110
137.415110
137.965110
138.515110
139.065110
140.965110
142.565110
146.065110
147.665110
148.215110
153.565110
155.715110
160.815110
162.965110
165.115110
165.665110
166.215110
166.765110
167.315110
169.465110
171.065110
174.265110
177.765110
183.115110
184.715110
193.015110
194.615110
197.815110
