1.665110
5.115110
6.715110
7.265110
9.165110
11.315110
14.515110
17.665110
19.265110
19.815110
21.965110
23.565110
25.165110
28.665110
32.365110
37.765110
39.915110
45.265110
52.215110
57.565110
59.715110
60.265110
60.815110
62.415110
64.315110
66.465110
70.215110
70.765110
71.315110
72.915110
73.465110
75.065110
78.665110
80.715110
81.265110
82.865110
85.015110
85.565110
86.115110
89.865110
90.415110
95.515110
96.065110
98.215110
98.765110
100.365110
103.865110
105.465110
107.415110
109.515110
111.665110
114.865110
116.465110
118.615110
119.165110
121.315110
122.915110
126.415110
126.965110
130.665110
132.265110
133.865110
136.015110
138.165110
139.765110
140.315110
141.915110
150.215110
153.415110
153.965110
154.515110
155.065110
157.215110
157.765110
158.315110
159.915110
161.815110
163.415110
165.015110
165.565110
167.165110
169.315110
171.215110
174.965110
175.515110
177.115110
177.665110
179.565110
181.715110
182.265110
182.815110
183.365110
183.915110
184.465110
186.615110
188.765110
190.915110
191.465110
192.015110
192.565110
195.765110
197.365110
198.965110
