1.665110
2.215110
7.565110
8.115110
8.665110
9.215110
9.765110
11.915110
15.415110
15.965110
16.515110
17.065110
17.615110
18.165110
18.715110
33.615110
37.315110
38.915110
40.515110
42.115110
45.315110
45.865110
46.415110
46.965110
47.515110
49.115110
49.665110
51.265110
52.865110
53.415110
60.115110
60.665110
61.215110
61.765110
63.915110
64.465110
66.615110
67.165110
67.965110
68.515110
71.715110
78.415110
78.965110
80.565110
85.665110
87.265110
88.865110
89.415110
91.315110
92.915110
98.015110
98.565110
100.165110
100.715110
101.265110
101.815110
103.415110
103.965110
105.865110
108.015110
108.565110
109.115110
109.665110
113.415110
113.965110
114.515110
115.065110
116.665110
117.215110
117.765110
119.365110
123.115110
123.665110
127.165110
127.715110
129.865110
131.465110
133.615110
135.515110
137.115110
138.715110
140.315110
140.865110
141.415110
141.965110
144.115110
144.665110
146.265110
148.165110
149.765110
150.315110
151.915110
155.415110
155.965110
156.515110
166.665110
170.415110
172.015110
173.615110
178.715110
180.865110
181.415110
185.165110
188.365110
189.965110
192.115110
195.615110
196.165110
196.715110
198.315110
198.865110
