1.159510
3.415110
4.965110
6.865110
7.415110
9.015110
9.565110
11.165110
19.415110
19.965110
25.315110
26.915110
28.515110
30.665110
32.829910
34.429910
36.015110
38.165110
40.315110
43.515110
45.115110
45.665110
48.865110
52.065110
52.615110
55.815110
57.415110
57.965110
60.115110
60.665110
62.565110
64.165110
64.715110
66.865110
70.065110
70.615486
71.165110
73.065110
75.501197
78.511037
79.130237
80.565110
81.115110
84.615110
85.179910
85.715486
89.542477
90.015110
90.565110
92.165110
93.765110
95.365110
95.915110
96.465110
98.065486
98.615110
100.529910
102.129910
105.615110
107.299437
107.765110
109.365110
109.915110
111.515110
116.615110
118.765110
119.315110
123.065110
124.665110
126.815110
128.915110
130.515110
135.615110
136.165110
139.915110
143.665110
145.265110
146.865110
148.465110
150.065110
153.565110
154.115110
154.665110
156.815110
157.365110
157.915110
160.065110
161.665110
165.165110
167.315110
169.465110
171.065110
171.615110
174.815110
175.379910
177.265110
177.815110
179.415110
179.965110
182.115110
182.665110
183.215110
183.765110
184.315110
186.479910
187.015110
189.179910
190.779910
191.315110
191.865110
192.415110
