2.715110
4.315110
7.815110
9.915486
13.665110
15.815486
17.965486
21.715486
24.915110
28.415110
28.965110
29.515110
30.065110
31.665110
33.265110
34.865110
36.465110
38.365486
40.515110
42.665110
43.215110
43.765110
44.315110
44.865110
45.415110
47.565486
48.115110
50.265110
50.815110
51.365110
51.915110
54.065110
57.815110
58.365110
58.944710
62.115110
62.665110
67.820237
69.915110
75.515997
75.815110
77.965110
78.530477
79.149677
79.615110
80.165110
80.715110
82.315110
83.915110
85.515110
87.415110
89.565110
91.165110
92.780957
93.315110
95.465110
97.615110
104.315110
104.865110
106.465110
109.717997
111.265110
116.365110
118.609517
120.115110
120.665110
121.215110
123.365110
123.915110
125.515110
126.065110
126.615110
128.165110
131.915110
132.465110
134.615110
136.515110
139.715110
140.265110
142.415110
145.915110
147.515110
152.615110
156.365110
158.515110
160.665110
161.215110
161.765110
162.315110
166.065110
166.615110
170.365110
170.915110
172.515110
177.615110
181.365110
181.915110
183.515110
185.665110
187.265110
189.165110
190.765110
192.365110
194.265110
194.815110
195.365110
