0.000000
0.000000
0.000000
0.000000
0.000000
0.000000
0.000000
6.719847
6.719847
6.719847
6.719847
0.000000
7.269847
7.669847
7.669847
7.669847
0.000000
8.169847
8.169847
8.169847
8.169847
8.669847
8.669847
8.669847
8.669847
8.669847
8.769847
8.769847
8.769847
8.769847
8.769847
8.769847
0.000000
9.219847
9.169847
9.169847
9.219847
9.219847
9.219847
9.319847
9.319847
9.869847
0.000000
0.000000
11.319847
11.319847
11.319847
11.319847
11.319847
11.469847
11.469847
11.924487
0.000000
0.000000
0.000000
0.000000
15.419847
15.419847
15.419847
15.419847
15.419847
15.769847
15.769847
15.769847
15.769847
0.000000
16.319847
16.319847
0.000000
17.069847
17.619847
17.669847
17.669847
17.669847
17.669847
17.919847
0.000000
18.369847
18.369847
18.369847
18.369847
18.369847
18.369847
18.369847
18.719847
18.719847
0.000000
19.269847
19.269847
19.269847
19.269847
0.000000
0.000000
21.669847
21.669847
21.669847
0.000000
22.769847
22.769847
0.000000
23.319847
23.569847
23.569847
23.569847
23.569847
0.000000
25.069847
0.000000
25.069847
25.069847
25.069847
25.069847
25.069847
0.000000
0.000000
0.000000
28.269847
28.269847
28.269847
28.269847
28.269847
28.269847
0.000000
29.369847
29.369847
29.369847
29.369847
0.000000
0.000000
0.000000
32.119847
32.119847
32.119847
32.119847
32.119847
32.119847
32.369847
32.369847
32.369847
32.369847
32.369847
32.669847
0.000000
33.619847
33.619847
33.619847
33.619847
33.619847
33.619847
33.619847
33.619847
33.619847
33.619847
33.619847
33.619847
0.000000
34.569847
34.569847
34.569847
34.569847
0.000000
0.000000
36.619847
36.619847
36.619847
36.619847
36.719847
36.719847
0.000000
0.000000
38.919847
38.919847
38.919847
0.000000
38.919847
38.919847
38.919847
38.919847
39.919847
39.919847
0.000000
40.519847
40.519847
0.000000
42.069847
0.000000
42.069847
0.000000
43.719847
43.719847
0.000000
0.000000
45.274487
45.274487
45.274487
45.274487
45.274487
45.274487
45.274487
0.000000
46.969847
46.969847
46.969847
0.000000
46.969847
46.969847
47.519847
47.519847
47.519847
47.519847
0.000000
0.000000
0.000000
0.000000
51.269847
51.269847
51.269847
51.269847
51.269847
51.269847
51.269847
0.000000
0.000000
53.119847
53.119847
53.119847
53.119847
53.119847
53.119847
53.119847
53.119847
0.000000
0.000000
0.000000
0.000000
57.569847
57.569847
57.569847
57.569847
57.569847
57.569847
57.569847
57.569847
57.569847
57.569847
57.569847
57.569847
57.569847
57.569847
57.569847
0.000000
0.000000
59.719847
59.719847
59.719847
59.719847
59.719847
59.719847
59.719847
0.000000
60.119847
60.119847
60.119847
60.119847
60.119847
60.119847
60.119847
60.119847
0.000000
61.219847
61.219847
0.000000
62.419847
62.419847
62.419847
62.419847
62.419847
62.419847
62.419847
62.419847
0.000000
63.919847
63.919847
63.919847
0.000000
64.319847
64.319847
64.319847
64.469847
64.469847
0.000000
65.969847
65.969847
65.969847
65.969847
65.969847
65.969847
65.969847
0.000000
65.969847
65.969847
65.969847
65.969847
66.469847
66.469847
66.519847
66.519847
66.519847
66.519847
66.519847
66.619847
0.000000
0.000000
0.000000
69.769847
69.769847
70.019847
0.000000
70.019847
70.019847
70.019847
70.219847
70.219847
70.219847
70.219847
70.219847
70.219847
70.219847
70.219847
70.569847
70.569847
70.569847
70.569847
70.769847
70.769847
0.000000
71.319847
71.919847
71.919847
0.000000
72.169847
72.169847
72.169847
72.169847
0.000000
73.469847
73.469847
0.000000
74.139304
74.139304
0.000000
75.069847
75.481064
75.481064
75.481064
75.520424
75.520424
0.000000
0.000000
77.519847
77.519847
77.519847
0.000000
78.496024
78.496024
78.496024
78.496024
78.496024
78.669847
78.669847
78.669847
0.000000
79.115224
79.115224
79.469847
79.669847
79.669847
79.669847
0.000000
80.569847
80.734337
80.734337
80.734337
80.734337
0.000000
81.569847
81.569847
81.569847
0.000000
82.869847
82.869847
0.000000
0.000000
85.019847
85.019847
85.019847
0.000000
85.569847
85.669847
85.669847
0.000000
0.000000
87.269847
87.269847
87.269847
87.819847
87.819847
0.000000
88.519847
88.519847
88.519847
88.519847
88.519847
88.519847
88.519847
88.519847
0.000000
89.907704
89.907704
89.907704
89.907704
89.907704
0.000000
90.419847
90.419847
90.669847
90.669847
0.000000
0.000000
0.000000
0.000000
95.069847
0.000000
95.069847
95.069847
95.069847
95.519847
95.519847
0.000000
96.069847
96.069847
0.000000
97.219847
97.219847
97.219847
97.219847
98.019847
98.019847
98.019847
98.019847
0.000000
98.019847
98.769847
98.769847
0.000000
101.269847
101.269847
101.269847
102.569847
102.569847
103.419847
103.869847
103.869847
103.869847
103.869847
103.869847
103.869847
103.869847
103.969847
104.169847
104.169847
104.169847
104.169847
104.169847
104.719847
109.519847
111.419847
111.419847
116.219847
120.819847
122.969847
