0.000000
0.000000
0.000000
0.000000
0.000000
0.000000
0.000000
0.000000
0.000000
0.000000
0.000000
0.000000
0.000000
0.000000
0.000000
0.000000
0.000000
0.000000
0.000000
0.000000
0.000000
0.000000
0.000000
0.000000
0.000000
0.000000
0.000000
0.000000
0.000000
0.000000
0.000000
0.000000
0.000000
0.000000
0.000000
0.000000
0.000000
0.000000
0.000000
0.000000
0.000000
0.000000
0.000000
0.000000
0.000000
0.000000
0.000000
0.000000
0.000000
0.000000
0.000000
0.000000
0.000000
0.000000
0.000000
0.000000
0.000000
0.000000
0.000000
0.000000
0.000000
0.000000
0.000000
0.000000
0.000000
0.000000
0.000000
0.000000
0.000000
0.000000
0.000000
0.000000
0.000000
0.000000
0.000000
0.000000
0.000000
0.000000
0.000000
0.000000
0.000000
0.000000
0.000000
0.000000
0.000000
0.000000
0.000000
0.000000
0.000000
0.000000
0.000000
0.000000
0.000000
92.419847
81.569847
81.569847
87.269847
87.819847
88.519847
88.519847
88.519847
89.907704
89.907704
89.907704
89.907704
90.419847
90.419847
90.669847
0.000000
0.000000
0.000000
0.000000
0.000000
0.000000
78.669847
98.869847
87.819847
88.519847
89.907704
98.869847
90.669847
0.000000
98.869847
98.869847
98.869847
95.069847
98.869847
95.069847
95.069847
95.069847
95.519847
98.869847
97.219847
97.219847
98.019847
98.019847
98.869847
98.019847
98.769847
99.512414
99.512414
96.069847
96.069847
97.219847
98.019847
99.512414
100.519847
98.019847
98.769847
101.269847
97.219847
101.269847
103.869847
103.869847
103.869847
104.169847
104.169847
104.169847
103.869847
104.169847
101.269847
