0.000000
0.000000
0.000000
0.000000
0.000000
0.000000
0.000000
0.000000
0.000000
0.000000
0.000000
0.000000
0.000000
0.000000
0.000000
0.000000
0.000000
0.000000
0.000000
0.000000
0.000000
0.000000
0.000000
0.000000
0.000000
0.000000
0.000000
0.000000
0.000000
0.000000
0.000000
0.000000
0.000000
0.000000
0.000000
0.000000
0.000000
0.000000
0.000000
0.000000
0.000000
0.000000
0.000000
0.000000
0.000000
0.000000
0.000000
0.000000
0.000000
0.000000
0.000000
0.000000
0.000000
0.000000
0.000000
0.000000
0.000000
0.000000
0.000000
0.000000
0.000000
0.000000
0.000000
0.000000
0.000000
0.000000
0.000000
51.269847
67.019847
53.119847
0.000000
57.569847
57.569847
57.569847
57.569847
59.719847
59.719847
59.719847
60.119847
60.119847
60.119847
60.119847
67.019847
67.019847
67.019847
64.319847
64.319847
64.319847
64.469847
64.469847
65.969847
65.969847
65.969847
65.969847
67.019847
65.969847
66.469847
66.469847
66.519847
66.519847
66.519847
45.274487
67.805534
59.719847
61.219847
62.419847
62.419847
62.419847
0.000000
67.805534
65.969847
65.969847
66.519847
66.619847
67.805534
59.719847
63.919847
65.969847
65.969847
65.969847
66.519847
68.384174
0.000000
0.000000
0.000000
0.000000
0.000000
61.219847
63.919847
63.919847
65.969847
73.469847
69.769847
69.769847
70.019847
70.219847
70.219847
70.219847
70.569847
70.569847
70.769847
71.919847
71.919847
72.169847
72.169847
72.169847
73.469847
0.000000
0.000000
75.069847
70.219847
70.569847
75.069847
75.069847
73.469847
75.069847
74.139304
0.000000
70.019847
70.219847
70.219847
70.219847
70.569847
71.319847
73.469847
74.139304
76.669847
75.069847
75.481064
75.481064
76.669847
0.000000
0.000000
75.481064
78.269847
77.519847
77.519847
78.269847
78.496024
78.496024
78.496024
0.000000
0.000000
77.519847
78.496024
78.669847
79.469847
80.734647
80.569847
0.000000
0.000000
78.669847
79.669847
79.669847
80.734337
80.734337
80.734337
82.334647
81.569847
82.334647
0.000000
0.000000
82.869847
0.000000
0.000000
0.000000
0.000000
89.019847
79.115224
0.000000
81.569847
89.019847
89.019847
85.019847
85.019847
89.019847
85.569847
85.669847
87.269847
89.019847
88.519847
88.519847
88.519847
80.734337
85.669847
89.584647
87.269847
87.819847
88.519847
88.519847
88.519847
88.519847
89.584647
0.000000
0.000000
0.000000
0.000000
0.000000
0.000000
0.000000
0.000000
0.000000
0.000000
