0.000000
0.000000
0.000000
0.000000
0.000000
0.000000
0.000000
6.747817
6.761657
6.775497
6.789337
0.000000
7.297817
7.711657
7.739337
7.767017
0.000000
8.183977
8.211657
8.239337
8.267017
8.697817
8.711657
8.739337
8.753177
8.780857
8.783977
8.797817
8.811657
8.825497
8.839337
8.853177
0.000000
9.233977
9.239337
9.253177
9.275497
9.317017
9.330857
9.389337
9.403177
9.897817
0.000000
0.000000
11.333977
11.347817
11.361657
11.375497
11.389337
11.483977
11.511657
11.980137
0.000000
0.000000
0.000000
0.000000
15.461657
15.489337
15.503177
15.517017
15.530857
15.783977
15.797817
15.811657
15.839337
0.000000
16.347817
16.375497
0.000000
17.111657
17.689337
17.697817
17.711657
17.725497
17.753177
17.975497
0.000000
18.467017
18.494697
18.536217
18.550057
18.563897
18.577737
18.591577
18.775497
18.789337
0.000000
19.283977
19.297817
19.311657
19.325497
0.000000
0.000000
21.697817
21.711657
21.725497
0.000000
22.797817
22.811657
0.000000
23.361657
23.597817
23.611657
23.625497
23.639337
0.000000
25.097817
0.000000
25.180857
25.194697
25.222377
25.236217
25.250057
0.000000
0.000000
0.000000
28.325497
28.353177
28.367017
28.394697
28.408537
28.422377
0.000000
29.383977
29.411657
29.439337
29.453177
0.000000
0.000000
0.000000
32.203177
32.217017
32.230857
32.244697
32.272377
32.286217
32.439337
32.494697
32.508537
32.536217
32.550057
32.767017
0.000000
33.675497
33.689337
33.703177
33.717017
33.730857
33.744697
33.758537
33.772377
33.786217
33.813897
33.827737
33.869257
0.000000
34.625497
34.639337
34.680857
34.694697
0.000000
0.000000
36.661657
36.689337
36.730857
36.744697
36.803177
36.817017
0.000000
0.000000
39.030857
39.072377
39.086217
0.000000
39.100057
39.127737
39.141577
39.155417
39.975497
40.003177
0.000000
40.686217
40.700057
0.000000
42.097817
0.000000
42.125497
0.000000
43.761657
43.775497
0.000000
0.000000
45.371657
45.427017
45.468537
45.496217
45.510057
45.537737
45.551577
0.000000
47.039337
47.053177
47.080857
0.000000
47.108537
47.150057
47.617017
47.630857
47.644697
47.658537
0.000000
0.000000
0.000000
0.000000
51.297817
51.311657
51.325497
51.339337
51.353177
51.367017
51.380857
0.000000
0.000000
53.133977
53.161657
53.203177
53.230857
53.244697
53.258537
53.272377
53.286217
0.000000
0.000000
0.000000
0.000000
57.625497
57.639337
57.653177
57.680857
57.708537
57.736217
57.750057
57.763897
57.791577
57.805417
57.819257
57.833097
57.902297
57.916137
57.943817
0.000000
0.000000
59.747817
59.789337
59.844697
59.900057
59.927737
59.955417
59.969257
0.000000
60.161657
60.175497
60.189337
60.203177
60.217017
60.258537
60.272377
60.300057
0.000000
61.289337
61.317017
0.000000
62.447817
62.475497
62.544697
62.558537
62.600057
62.627737
62.641577
62.655417
0.000000
63.961657
63.975497
64.030857
0.000000
64.361657
64.403177
64.444697
64.497817
64.567017
0.000000
65.983977
65.997817
66.011657
66.025497
66.039337
66.067017
66.094697
0.000000
66.108537
66.136217
66.150057
66.163897
66.525497
66.553177
66.589337
66.603177
66.630857
66.658537
66.672377
66.675497
0.000000
0.000000
0.000000
69.783977
69.797817
70.075497
0.000000
70.103177
70.117017
70.130857
70.247817
70.275497
70.289337
70.317017
70.330857
70.344697
70.358537
70.372377
70.597817
70.625497
70.653177
70.680857
70.797817
70.811657
0.000000
71.347817
71.933977
71.947817
0.000000
72.183977
72.211657
72.239337
72.267017
0.000000
73.511657
73.525497
0.000000
74.181114
74.208794
0.000000
75.139337
75.495194
75.509034
75.536714
75.548394
75.576074
0.000000
0.000000
77.561657
77.603177
77.617017
0.000000
78.510154
78.537834
78.551674
78.565514
78.579354
78.697817
78.711657
78.753177
0.000000
79.157034
79.170874
79.483977
79.683977
79.725497
79.767017
0.000000
80.583977
80.748467
80.762307
80.776147
80.789987
0.000000
81.583977
81.611657
81.625497
0.000000
82.883977
82.911657
0.000000
0.000000
85.033977
85.075497
85.089337
0.000000
85.611657
85.697817
85.739337
0.000000
0.000000
87.283977
87.297817
87.339337
87.833977
87.847817
0.000000
88.547817
88.561657
88.575497
88.589337
88.603177
88.617017
88.630857
88.658537
0.000000
89.921834
89.935674
89.949514
89.963354
89.977194
0.000000
90.461657
90.475497
90.767017
90.780857
0.000000
0.000000
0.000000
0.000000
95.097817
0.000000
95.111657
95.125497
95.153177
95.533977
95.644697
0.000000
96.111657
96.139337
0.000000
97.233977
97.289337
97.303177
97.317017
98.033977
98.047817
98.061657
98.075497
0.000000
98.103177
98.839337
98.880857
0.000000
101.311657
101.325497
101.339337
102.639337
102.653177
103.433977
103.883977
103.897817
103.911657
103.925497
103.939337
103.953177
103.967017
103.983977
104.197817
104.225497
104.253177
104.267017
104.280857
104.761657
109.533977
111.433977
111.461657
116.247817
120.833977
122.983977
