0.000000
0.000000
0.000000
0.000000
0.000000
0.000000
0.000000
0.000000
0.000000
0.000000
0.000000
0.000000
0.000000
0.000000
0.000000
0.000000
0.000000
0.000000
0.000000
0.000000
0.000000
0.000000
0.000000
0.000000
0.000000
0.000000
0.000000
0.000000
0.000000
0.000000
0.000000
0.000000
0.000000
0.000000
0.000000
0.000000
0.000000
0.000000
0.000000
0.000000
0.000000
40.519847
38.919847
38.919847
40.519847
0.000000
0.000000
0.000000
38.919847
38.919847
38.919847
38.919847
39.919847
39.919847
40.519847
40.519847
43.219847
42.069847
43.219847
0.000000
44.319847
44.319847
43.719847
43.719847
38.919847
44.869847
0.000000
42.069847
45.419847
45.419847
45.274487
0.000000
0.000000
45.274487
45.274487
45.274487
45.274487
47.570224
46.969847
46.969847
46.969847
0.000000
48.119847
47.519847
47.519847
47.519847
47.519847
0.000000
0.000000
45.274487
50.269847
50.269847
50.269847
45.274487
0.000000
46.969847
51.369847
51.269847
0.000000
0.000000
0.000000
0.000000
0.000000
0.000000
0.000000
51.269847
51.269847
53.119847
53.119847
53.119847
53.119847
53.119847
58.369847
58.369847
57.569847
57.569847
57.569847
57.569847
57.569847
57.569847
57.569847
0.000000
58.949447
58.949447
57.569847
57.569847
57.569847
58.949447
0.000000
0.000000
0.000000
62.669847
62.669847
53.119847
53.119847
57.569847
57.569847
57.569847
62.669847
59.719847
59.719847
59.719847
62.669847
60.119847
0.000000
60.119847
60.119847
62.669847
62.419847
62.419847
62.419847
62.419847
62.419847
0.000000
0.000000
0.000000
0.000000
0.000000
0.000000
0.000000
0.000000
0.000000
0.000000
0.000000
0.000000
0.000000
0.000000
0.000000
0.000000
0.000000
0.000000
0.000000
0.000000
0.000000
0.000000
0.000000
0.000000
0.000000
0.000000
0.000000
0.000000
0.000000
0.000000
0.000000
0.000000
0.000000
0.000000
0.000000
0.000000
