1.114954
1.664954
2.214954
3.814954
5.664954
6.214954
6.764954
7.314954
7.864954
8.414954
8.964954
9.514954
10.064954
10.614954
11.164954
11.714954
13.864954
16.014954
16.564954
17.114954
17.664954
18.214954
18.764954
19.314954
19.864954
20.414954
20.964954
21.514954
22.064954
22.614954
23.164954
23.714954
24.264954
26.414954
26.964954
27.514954
28.064954
28.614954
29.164954
29.714954
30.264954
30.814954
31.364954
31.914954
32.464954
33.014954
33.564954
34.114954
34.664954
35.214954
35.764954
36.314954
36.864954
37.414954
37.964954
38.514954
40.114954
40.664954
41.214954
41.771604
42.321604
42.864954
43.414954
43.964954
44.514954
45.064954
45.614954
46.164954
46.714954
47.264954
47.814954
48.364954
48.914954
49.464954
50.014954
51.614954
52.164954
52.714954
53.264954
53.814954
54.364954
54.914954
55.464954
56.014954
56.564954
57.114954
57.664954
58.214954
58.764954
60.664954
61.214954
61.764954
63.364954
63.914954
64.464954
65.014954
65.564954
66.114954
67.714954
68.264954
68.814954
69.364954
69.914954
70.464954
71.014954
71.564954
72.114954
72.664954
73.214954
73.764954
74.314954
74.864954
75.414954
75.964954
76.514954
77.064954
77.614954
78.164954
78.714954
79.264954
79.826317
80.364954
80.914954
81.464954
82.014954
82.564954
83.114954
84.714954
85.264954
85.814954
86.364954
86.914954
87.464954
88.014954
88.564954
89.114954
89.664954
90.214954
90.764954
91.314954
91.864954
92.414954
92.964954
94.864954
95.414954
95.964954
96.514954
97.064954
99.214954
99.764954
100.314954
100.864954
101.414954
101.964954
102.514954
103.064954
103.614954
104.164954
104.714954
105.264954
105.814954
106.364954
106.914954
107.464954
109.064954
109.614954
110.164954
110.714954
111.264954
111.814954
112.364954
112.914954
114.814954
115.364954
115.914954
116.464954
117.014954
118.614954
119.164954
119.714954
120.264954
120.814954
121.364954
121.914954
122.464954
123.014954
123.564954
124.114954
124.664954
125.214954
125.764954
126.314954
127.914954
128.414954
128.964954
129.514954
130.064954
130.614954
131.164954
131.714954
132.264954
132.814954
133.364954
133.914954
135.514954
136.064954
136.614954
137.164954
137.714954
138.264954
138.814954
139.364954
139.914954
140.464954
141.014954
141.564954
142.114954
142.664954
143.214954
143.764954
144.314954
144.864954
145.414954
145.964954
146.514954
147.064954
147.614954
149.514954
151.114954
151.664954
152.214954
152.764954
154.364954
156.264954
156.814954
157.364954
158.964954
159.514954
160.064954
160.614954
161.164954
161.714954
162.264954
162.814954
163.364954
163.914954
164.464954
165.014954
165.564954
167.464954
169.064954
169.614954
170.164954
170.714954
171.264954
171.814954
172.364954
172.914954
173.464954
174.014954
174.564954
175.114954
175.664954
176.214954
176.764954
177.314954
177.864954
178.414954
178.964954
179.514954
180.064954
180.614954
181.164954
181.714954
182.264954
182.814954
184.714954
185.264954
185.814954
186.364954
186.914954
187.464954
188.014954
188.564954
189.114954
189.664954
190.214954
190.764954
191.314954
191.864954
192.414954
192.964954
193.514954
194.064954
194.614954
195.164954
195.714954
196.264954
196.814954
197.364954
197.914954
198.464954
199.014954
199.564954
