1.144483
1.694483
2.244483
2.779683
3.329683
3.879683
4.429683
4.964883
5.514883
6.064883
6.614883
7.164883
7.714883
8.264883
8.814883
9.364883
9.929683
10.479683
11.029683
11.564883
12.114883
12.664883
13.214883
13.764883
14.314883
14.864883
15.414883
15.964883
16.514883
17.064883
17.614883
18.164883
18.729683
19.279683
19.829683
20.364878
20.914873
21.464869
22.014866
22.564864
23.114863
23.664862
24.214863
24.764864
25.314865
25.864868
26.414871
26.964876
27.514883
28.064892
28.614903
29.164916
29.714934
30.264955
31.365009
31.915039
32.465068
35.679914
