1.144706
1.694706
2.244706
2.794706
3.465106
4.015106
5.615106
6.165106
6.765715
7.265106
9.415106
11.579906
13.165106
16.679906
17.229906
17.779906
19.365106
19.915106
20.465106
22.365106
22.915106
23.465106
24.015106
24.565106
25.115106
27.265106
27.815106
29.415106
29.965106
30.515106
34.015106
34.565106
36.715106
38.315106
38.865106
39.415106
41.315106
41.865106
42.415106
42.965106
43.515106
45.115106
45.665106
46.215106
46.765106
48.365106
50.265106
50.815106
51.365106
51.915106
53.515106
61.815106
63.965106
64.516093
66.115106
66.665106
68.265106
68.815106
69.366093
69.915106
71.516093
72.065106
72.615106
74.765106
75.315106
77.215106
79.365106
79.915106
82.079906
83.665106
84.215106
85.815106
87.415106
87.965106
88.515106
90.115106
91.715106
93.315106
93.865106
95.765106
96.315106
96.865106
97.415106
97.965106
98.515106
102.265106
104.415106
104.965106
105.515106
108.715106
109.265106
110.865106
111.415106
113.015106
113.565106
115.165106
115.715106
116.265106
116.815106
118.429906
118.979906
120.565106
121.129906
123.015106
124.615106
125.165106
125.729906
127.615106
129.765106
131.365106
133.515106
135.115106
135.665106
137.565106
138.115106
138.665106
139.215106
139.765106
140.315106
140.865106
141.415106
143.565106
144.115106
146.265106
146.815106
147.365106
148.979906
150.565106
152.165106
152.715106
153.265106
153.815106
155.415106
157.015106
157.565106
158.115106
163.215106
164.815106
166.415106
168.015106
168.565106
169.115106
169.665106
171.265106
172.865106
173.415106
175.015106
177.165106
177.715106
178.265106
180.415106
180.965106
183.115106
183.665106
184.215106
184.765106
185.315106
185.865106
186.415106
190.165106
190.715106
191.265106
192.865106
193.415106
195.015106
196.615106
197.165106
199.065106
199.615106
