1.129683
1.679683
2.229683
2.779683
3.329683
3.879683
4.429683
4.979683
5.529683
6.079683
6.629683
7.179683
7.729683
8.279683
8.829683
9.379683
9.929683
10.479683
11.029683
11.579683
12.129683
12.679683
13.229683
13.779683
14.329683
14.879683
15.429683
15.979683
16.529683
17.079683
17.629683
18.179683
18.729683
19.279683
19.829683
20.379678
20.929673
21.479669
22.029666
22.579664
23.129663
23.679662
24.229663
24.779664
25.329665
25.879668
26.429672
26.979677
27.529683
28.064892
28.614903
29.164916
29.714934
30.264955
30.814980
31.365009
31.915039
32.465068
33.015091
33.715107
34.265110
