1.159354
1.709354
2.259354
2.809354
3.344554
3.894554
4.994554
6.864954
7.414954
7.964954
8.514954
9.064954
9.614954
10.214954
10.764954
11.314954
11.864954
12.414954
12.964954
13.514954
14.064954
16.164954
16.714954
18.879754
19.429754
21.564954
22.114954
22.664954
23.214954
23.779754
24.329754
24.864954
25.414954
27.579754
28.129754
28.679754
29.229754
29.779754
30.329754
30.879754
31.414954
31.964954
32.598634
33.064954
33.614954
34.164954
34.732437
35.264954
35.814954
36.364954
36.914954
37.464954
38.014954
38.564954
39.114954
39.664954
40.214954
40.764954
41.329754
41.879754
42.429754
42.979754
43.529754
44.064954
44.614954
45.164954
47.314954
47.864954
48.414954
48.964954
49.514954
50.064954
50.614954
51.164954
51.714954
52.264954
52.814954
53.364954
53.914954
54.464954
55.014954
55.564954
56.114954
56.664954
57.214954
57.764954
58.314981
58.864954
59.414954
59.964954
60.514954
61.064954
61.614954
62.164954
62.714954
64.314954
64.864954
65.414954
67.314954
71.064954
71.614954
72.164954
72.714981
73.265738
73.814954
74.364954
76.514954
77.064954
77.614954
78.164954
78.714954
79.264954
79.815323
80.364954
80.914954
81.464954
82.014954
82.564954
83.114954
86.864954
87.429754
87.979754
88.529754
89.064954
90.664954
91.214954
91.776317
92.314954
92.864954
93.414954
93.964954
94.514954
95.064954
95.614954
96.164954
96.714954
98.614954
100.764954
101.314954
101.864954
102.414954
102.964954
104.564954
105.114954
105.664954
106.214954
106.764954
107.314954
107.864954
108.414954
108.964954
109.514954
110.064954
110.614954
111.164954
112.764954
113.314954
115.214954
115.764954
116.314954
116.864954
117.414954
117.964954
118.514954
119.064954
119.614954
120.164954
120.714954
122.314954
122.864954
123.414954
123.964954
125.864954
126.414954
126.964954
127.514954
129.614954
130.164954
130.714954
131.264954
131.814954
132.364954
132.914954
133.464954
134.014954
134.564954
135.129754
135.679754
136.229754
136.764954
137.314954
137.864954
138.414954
138.964954
139.514954
140.064954
140.614954
141.164954
141.714954
142.264954
142.814954
143.364954
143.914954
144.464954
145.014954
145.564954
147.164954
147.714954
148.264954
148.814954
149.364954
149.914954
150.464954
151.014954
151.564954
152.114954
152.664954
153.214954
153.764954
154.314954
154.864954
155.429754
155.964954
156.514954
157.064954
157.614954
158.164954
158.714954
159.264954
159.814954
160.364954
161.964954
162.514954
163.064954
163.614954
164.164954
166.064954
166.614954
167.164954
167.714954
168.264954
168.814954
170.414954
170.964954
171.514954
172.064954
172.614954
173.164954
173.714954
174.264954
174.814954
175.364954
176.964954
177.514954
178.064954
178.614954
179.164954
179.714954
180.264954
180.814954
181.364954
181.914954
182.464954
183.014954
183.564954
184.114954
185.714954
186.264954
186.814954
187.364954
187.914954
188.464954
189.014954
189.564954
190.114954
190.664954
191.214954
191.764954
192.314954
192.879754
193.429754
193.964954
194.514954
195.064954
195.614954
196.164954
196.714954
197.264954
199.414954
199.964954
