1.159354
1.709354
2.794554
3.344554
3.894554
4.444554
4.979754
6.864954
7.414954
9.014954
9.564954
10.114954
10.664954
11.214954
11.764954
12.314954
12.864954
14.779754
15.314954
15.864954
16.414954
16.964954
17.514954
18.064954
18.614954
19.164954
20.764954
22.364954
23.964954
24.514954
25.064954
25.614954
26.164954
26.729754
27.264954
30.764954
31.314954
31.864954
32.414954
32.964954
33.514954
34.079754
34.614954
35.164954
35.714954
36.264954
36.814954
37.364954
39.529754
40.079754
40.629754
41.179754
41.729754
42.279754
42.829754
43.379754
43.929754
44.479754
45.029754
45.579754
46.114954
46.664954
47.214954
47.764954
48.314954
48.864954
49.414954
49.964954
50.514954
51.064954
51.614954
52.164954
52.714954
53.264954
53.814954
55.979754
56.529754
57.079754
57.629754
58.179754
58.729754
59.279754
59.829754
60.379754
60.929754
61.479754
62.029754
62.579754
63.129754
63.664954
64.214954
64.764954
65.314954
65.864954
66.414954
66.964954
67.514954
68.064954
68.664954
69.214954
69.764954
71.864954
72.414954
72.964954
73.514954
74.064954
74.614954
75.164954
75.714954
76.264954
76.814954
77.364954
77.914954
78.479754
79.014954
79.564954
80.114954
81.714954
82.264954
82.814954
83.364954
83.914954
84.464954
85.014954
85.564954
86.114954
86.664954
87.214954
87.764954
88.314954
88.864954
89.414954
89.964954
90.514954
91.064954
91.614954
92.164954
92.729754
93.264954
93.814954
94.364954
94.914954
95.464954
96.014954
96.564954
97.114954
97.664954
98.214954
98.764954
99.314954
99.864954
100.414954
102.314954
102.864954
103.414954
103.964954
104.514954
105.079754
106.664954
107.214954
107.764954
108.314954
108.864954
109.414954
109.964954
110.514954
111.064954
111.614954
112.164954
112.714954
113.264954
113.814954
114.364954
114.914954
115.464954
116.014954
116.564954
117.114954
117.664954
118.214954
120.114954
120.664954
121.214954
121.764954
122.314954
122.864954
123.414954
123.964954
124.514954
125.064954
125.614954
126.164954
126.714954
127.264954
127.814954
128.364954
128.914954
129.479754
131.564954
132.114954
132.664954
133.214954
133.764954
134.314954
134.864954
135.414954
135.964954
136.514954
137.064954
138.664954
139.214954
139.764954
140.314954
140.864954
142.464954
143.014954
144.914954
145.464954
146.014954
146.564954
147.114954
148.714954
149.264954
149.814954
150.379754
150.914954
151.464954
152.014954
152.564954
153.114954
153.664954
154.214954
156.129754
156.679754
157.229754
157.779754
158.329754
158.879754
159.429754
159.979754
160.529754
162.679754
163.229754
164.814954
165.364954
165.929754
166.494554
167.044554
167.594554
168.144554
168.694554
169.244554
169.764954
170.314954
170.864954
171.414954
171.964954
172.514954
173.064954
173.614954
174.164954
174.714954
175.264954
175.814954
176.364954
176.914954
177.464954
178.014954
178.564954
179.114954
179.664954
180.214954
180.764954
182.664954
184.279754
184.814954
185.364954
185.914954
186.464954
187.014954
187.564954
188.114954
188.664954
189.214954
189.764954
190.314954
190.864954
191.414954
191.964954
192.514954
193.064954
193.614954
194.164954
194.714954
195.264954
195.814954
197.429754
197.964954
198.514954
