1.129754
1.679754
2.229754
2.764954
3.314954
3.864954
4.414954
5.114954
6.714954
7.264954
7.829754
8.379754
8.914954
9.464954
10.070250
10.564954
11.114954
11.664954
12.214954
12.764954
13.314954
13.864954
14.414954
16.014954
16.564954
17.114954
18.714954
19.264954
19.814954
21.414954
21.964954
22.514954
23.064954
23.614954
24.164954
24.714954
25.264954
25.814954
27.414954
27.964954
28.514954
29.064954
29.614954
30.164954
30.714954
31.264954
31.814954
32.364954
32.914954
33.464954
34.014954
34.564954
35.114954
35.664954
36.214954
36.764954
37.314954
37.864954
38.414954
38.964954
39.514954
40.064954
40.614954
41.164954
41.714954
42.264954
42.814954
43.364954
43.914954
44.464954
45.014954
45.564954
47.164954
47.714954
48.264954
48.814954
49.364954
49.914954
50.464954
51.014954
51.564954
52.114954
52.679754
53.214954
53.764954
54.314954
54.864954
55.414954
55.964954
56.514954
57.064954
57.614954
58.164954
58.714954
59.264954
59.814954
60.364954
60.914954
61.464954
62.014954
62.564954
64.479754
65.029754
65.579754
67.179754
67.729754
69.329754
70.914954
71.479754
72.014954
72.564954
73.114954
73.664954
74.214954
76.364954
76.914954
77.464954
78.014954
78.564954
79.114954
79.664954
80.214954
80.764954
81.314954
81.864954
82.414954
82.964954
83.514954
85.114954
86.714954
87.264954
87.814954
88.364954
88.914954
90.814954
91.364954
91.914954
92.464954
93.014954
93.564954
94.114954
94.664954
95.214954
95.764954
96.314954
96.864954
98.464954
99.014954
100.614954
101.164954
101.714954
102.264954
102.814954
104.714954
105.264954
105.814954
106.364954
106.914954
107.464954
108.014954
108.564954
109.114954
109.664954
110.214954
110.779754
112.914954
113.464954
115.064954
115.614954
116.164954
116.714954
117.264954
117.814954
118.364954
118.929754
119.464954
120.014954
120.564954
122.464954
123.014954
123.564954
124.114954
125.714954
126.264954
126.814954
127.364954
127.914954
129.464954
130.014954
130.564954
131.114954
131.664954
132.214954
132.764954
133.314954
133.864954
134.414954
134.964954
135.514954
136.064954
136.614954
137.164954
137.714954
138.264954
138.814954
139.364954
139.914954
140.464954
141.014954
141.564954
142.114954
142.664954
143.214954
143.764954
144.314954
144.864954
145.414954
147.314954
147.864954
148.414954
148.964954
149.514954
150.064954
150.614954
151.164954
151.714954
152.264954
152.814954
153.364954
153.914954
154.464954
155.014954
155.564954
156.114954
156.664954
157.214954
157.764954
158.314954
158.864954
159.414954
159.964954
162.114954
162.664954
163.214954
163.764954
164.314954
165.914954
166.479754
167.029754
167.579754
168.129754
168.679754
170.564954
171.114954
171.664954
172.214954
172.764954
173.314954
173.864954
174.414954
174.964954
177.114954
177.664954
178.214954
178.764954
179.314954
179.864954
180.414954
180.964954
181.514954
182.064954
182.614954
183.164954
183.714954
185.864954
186.414954
186.964954
187.514954
188.064954
188.614954
189.164954
189.714954
190.264954
190.814954
191.364954
191.914954
192.464954
193.014954
193.564954
194.114954
194.664954
195.214954
195.764954
196.314954
196.864954
199.014954
199.564954
