1.114954
1.664954
2.214954
2.764954
3.314954
3.864954
4.414954
4.964954
5.514954
6.064954
6.614954
7.714954
8.264954
8.814954
9.364954
9.914954
10.464954
11.014954
11.564954
12.114954
12.664954
13.214954
13.764954
14.314954
14.864954
15.414954
15.964954
16.514954
17.064954
17.614954
18.164954
18.714954
19.264954
19.814954
20.364954
20.914954
21.464954
22.014954
23.614954
24.164954
25.764954
26.314954
26.864954
27.414954
27.964954
28.514954
29.064954
29.614954
30.164954
30.714954
32.314954
32.864954
34.464954
35.014954
35.564954
36.114954
36.664954
37.214954
37.764954
38.314954
38.864954
39.414954
39.964954
40.514954
42.114954
42.664954
43.214954
43.764954
44.314954
44.864954
45.414954
45.964954
46.514954
47.064954
47.614954
48.164954
48.714954
49.264954
49.814954
50.364954
50.914954
52.814954
53.364954
53.914954
54.464954
55.014954
55.564954
57.714954
58.264954
58.814954
59.364954
59.914954
60.464954
61.014954
62.614954
63.164954
63.714954
64.214954
64.764954
65.314954
65.864954
66.414954
68.014954
68.564954
69.114954
69.664954
70.214954
70.764954
72.664954
73.214954
73.764954
75.364954
75.914954
77.514954
78.064954
78.614954
79.164954
79.714954
80.264954
80.814954
81.364954
81.914954
82.464954
83.014954
83.564954
84.114954
84.664954
85.214954
88.714954
89.264954
89.814954
90.364954
90.914954
91.464954
92.014954
92.564954
93.114954
93.664954
94.214954
94.764954
95.314954
95.864954
96.414954
96.964954
97.514954
98.064954
98.614954
99.164954
99.714954
100.264954
101.864954
102.414954
102.964954
103.514954
104.064954
104.614954
105.164954
105.714954
106.264954
106.814954
107.364954
107.914954
108.464954
109.014954
109.564954
110.114954
110.664954
112.264954
112.814954
113.364954
113.914954
114.464954
116.364954
116.914954
117.464954
118.014954
118.564954
119.114954
121.264954
123.414954
123.964954
125.564954
126.114954
126.664954
127.214954
127.764954
129.614954
130.164954
130.714954
131.264954
131.814954
132.364954
132.914954
133.464954
134.014954
134.564954
135.114954
135.664954
136.214954
136.764954
137.314954
137.864954
138.414954
138.964954
139.514954
140.064954
140.614954
141.164954
141.714954
143.314954
143.864954
144.414954
144.964954
145.514954
146.064954
146.614954
147.164954
147.714954
148.264954
148.814954
149.364954
149.914954
150.464954
151.014954
151.564954
152.114954
152.664954
153.214954
153.764954
154.314954
154.864954
155.414954
155.964954
156.514954
157.064954
157.614954
158.164954
158.714954
159.264954
159.814954
160.364954
160.914954
161.464954
162.014954
162.564954
163.114954
163.664954
164.214954
164.764954
165.314954
165.864954
166.414954
166.964954
167.514954
168.064954
168.614954
169.164954
169.714954
171.314954
171.864954
172.414954
172.964954
173.514954
174.064954
175.664954
176.214954
176.764954
177.314954
178.914954
179.464954
180.014954
180.564954
181.114954
181.664954
182.214954
184.114954
184.664954
185.214954
185.764954
186.314954
186.864954
188.464954
189.014954
189.564954
191.464954
192.014954
194.164954
194.714954
195.264954
196.864954
197.414954
197.964954
198.514954
