1.114954
1.664954
2.214954
2.764954
3.314954
3.864954
4.414954
4.964954
5.514954
6.064954
6.614954
7.164954
7.864954
8.414954
8.964954
9.514954
10.064954
10.614954
11.164954
11.714954
12.264954
12.814954
13.364954
13.914954
14.464954
15.014954
15.564954
16.114954
16.664954
17.214954
17.764954
18.314954
18.864954
19.414954
19.964954
20.514954
21.064954
21.614954
23.764954
25.914954
26.464954
27.014954
27.564954
28.114954
28.664954
29.214954
29.764954
30.314954
32.464954
34.614954
35.164954
35.714954
36.264954
36.814954
37.364954
37.914954
38.464954
39.014954
39.564954
40.114954
42.264954
42.814954
43.364954
43.914954
44.464954
45.014954
45.564954
46.114954
46.664954
47.214981
47.764954
48.314954
48.864954
49.414954
49.964954
50.514954
51.064954
52.664954
53.214954
53.764954
54.314954
54.864954
55.414954
55.964954
57.564954
58.114954
58.664954
59.214954
59.764954
60.314954
60.864954
62.764954
63.314954
63.864954
64.414954
64.964954
65.514954
66.064954
68.164954
68.714954
69.264954
69.814954
70.364954
70.914954
72.514954
73.064954
73.614954
75.514954
77.664954
78.214954
78.764954
79.314954
79.864954
80.414954
80.964954
81.514954
82.064954
82.614954
83.164954
83.722234
84.264954
84.814954
85.364954
86.964954
88.599914
89.114954
89.664954
90.214954
90.764954
91.314954
91.864954
92.414954
92.964954
93.514954
94.064954
94.614954
95.164954
95.714954
96.264954
96.814954
97.364954
97.914954
98.464954
99.014954
99.564954
100.114954
102.014954
102.564954
103.114954
103.664954
104.214954
104.764954
105.314954
105.864954
106.414954
106.964954
107.514954
108.064954
108.614954
109.164954
109.714954
110.264954
112.414954
112.964954
113.514954
114.064954
114.614954
116.214954
116.764954
117.314954
117.864954
118.414954
118.964954
119.514954
121.114954
121.664954
123.264954
123.814954
125.714954
126.264954
126.814954
127.364954
127.914954
129.464954
130.014954
130.564954
131.114954
131.664954
132.214954
132.764954
133.314954
133.864954
134.414954
134.964954
135.514954
136.064954
136.614954
137.164954
137.714954
138.264954
138.814954
139.364954
139.914954
140.464954
141.014954
141.564954
143.464954
144.014954
144.564954
145.114954
145.664954
146.214954
146.764954
147.314954
147.864954
148.414954
148.964954
149.514954
150.064954
150.614954
151.164954
151.714954
152.264954
152.814954
153.364954
153.914954
154.464954
155.014954
155.564954
156.114954
156.664954
157.214954
157.764954
158.314954
158.864954
159.414954
159.964954
160.514954
161.064954
161.614954
162.164954
162.714954
163.264954
163.814954
164.364954
164.914954
165.464954
166.014954
166.564954
167.114954
167.664954
168.214954
168.764954
169.314954
171.464954
172.014954
172.564954
173.114954
173.664954
175.814954
176.364954
176.914954
179.064954
179.614954
180.164954
180.714954
181.264954
181.814954
182.364954
183.964954
184.514954
185.064954
185.614954
186.164954
186.714954
188.614954
189.164954
189.714954
191.314954
191.864954
192.414954
194.014954
194.564954
195.114954
197.014954
197.564954
198.114954
198.664954
