1.144554
1.694554
3.964954
5.544554
6.094554
6.644554
7.194554
7.744554
8.294554
8.844554
9.394554
9.944554
10.494554
11.044554
11.594554
12.144554
13.714954
14.264954
15.864954
16.414954
16.964954
17.514954
18.064954
18.614954
19.164954
19.714954
20.264954
20.814954
21.364954
21.914954
22.464954
23.014954
23.564954
24.114954
24.664954
26.264954
26.814954
27.364954
27.914954
28.464954
29.014954
29.564954
30.114954
30.664954
31.214954
31.764954
32.329754
32.879754
33.414954
33.964954
34.514954
35.064954
35.614954
36.164954
36.714954
37.264954
37.814954
38.364954
40.264954
40.814954
41.364954
41.914954
42.464954
43.014954
43.564954
44.114954
44.664954
45.214954
45.764954
46.314954
46.864954
47.414954
47.964954
48.514954
49.064954
49.614954
51.764954
52.314954
52.864954
53.414954
53.964954
54.514954
55.064954
55.614954
56.164954
56.714954
57.264954
57.814954
58.364954
58.914954
60.514954
61.064954
61.614954
63.514954
64.064954
64.614954
65.164954
65.714954
67.864954
68.414954
68.964954
69.514954
70.064954
70.614954
71.164954
71.714954
72.264954
72.814954
73.364954
73.914954
74.464954
75.014954
75.564954
76.114954
76.664954
77.214954
77.764954
78.314954
78.864954
79.414954
79.964954
80.514954
81.064954
81.614954
82.164954
82.714954
84.864954
85.414954
85.964954
86.514954
87.064954
87.614954
88.164954
88.729754
89.279754
89.829754
90.379754
90.929754
91.479754
92.029754
92.579754
93.129754
94.714954
95.264954
95.814954
96.364954
96.914954
97.464954
99.064954
99.614954
100.164954
100.714954
101.264954
101.814954
102.364954
102.914954
103.464954
104.014954
104.564954
105.114954
105.664954
106.214954
106.764954
107.314954
109.214954
109.764954
110.314954
110.864954
111.414954
111.964954
112.514954
113.064954
114.664954
115.214954
115.764954
116.314954
116.864954
118.764954
119.314954
119.864954
120.414954
120.964954
121.514954
122.064954
122.614954
123.164954
123.714954
124.264954
124.814954
125.364954
125.914954
128.064954
128.614954
129.164954
129.714954
130.264954
130.814954
131.364954
131.914954
132.464954
133.014954
133.564954
135.679754
136.229754
136.779754
137.329754
137.879754
138.429754
138.979754
139.529754
140.079754
140.629754
141.179754
141.729754
142.264954
142.814954
143.364954
143.914954
144.464954
145.014954
145.564954
146.114954
146.664954
147.214954
147.764954
149.379754
151.264954
151.814954
152.364954
154.514954
156.114954
156.664954
157.214954
159.114954
159.664954
160.214954
160.764954
161.314954
161.864954
162.414954
162.964954
163.514954
164.064954
164.614954
165.164954
165.714954
167.314954
169.214954
169.764954
170.314954
170.864954
171.414954
171.964954
172.514954
173.064954
173.614954
174.164954
174.714954
175.264954
175.814954
176.364954
176.914954
177.464954
178.014954
178.564954
179.114954
179.664954
180.214954
180.764954
181.314954
181.864954
182.414954
182.964954
184.564954
185.114954
185.664954
186.214954
186.764954
187.314954
187.864954
188.414954
188.964954
189.514954
190.064954
190.614954
191.164954
191.714954
192.264954
192.814954
193.364954
193.914954
194.464954
195.014954
195.564954
196.114954
196.664954
197.214954
197.764954
198.314954
198.864954
199.414954
199.964954
