1.129906
1.679906
2.229906
3.315106
3.865106
5.765106
6.331629
6.915106
7.465106
9.615106
13.315106
14.915106
17.065106
17.615106
19.515106
20.065106
20.615106
22.215106
22.765106
23.315106
23.865106
24.415106
24.965106
25.515106
27.115106
27.665106
29.565106
30.115106
30.665106
32.265106
33.865106
34.415106
34.965106
36.565106
38.465106
39.015106
39.565106
41.165106
41.715106
42.265106
42.815106
43.365106
45.265106
45.815106
46.365106
48.515106
50.115106
50.665106
51.215106
51.765106
53.665106
55.265106
56.865106
58.465106
60.065106
61.665106
62.215106
64.365106
66.265106
68.415106
68.965106
69.515106
71.665106
72.215106
72.765106
74.915106
75.465106
77.079906
77.629906
79.215106
79.765106
80.315106
81.915106
83.815106
87.565106
88.115106
93.465106
94.015106
95.615106
96.165106
96.715106
97.265106
97.815106
98.365106
98.915106
100.515106
102.115106
102.665106
104.815106
105.365106
108.865106
111.015106
113.165106
115.315106
115.865106
116.415106
118.565106
120.715106
121.265106
122.865106
124.765106
125.315106
125.865106
127.465106
129.615106
133.115106
135.265106
135.815106
137.415106
137.965106
138.515106
139.065106
139.615106
140.165106
140.715106
141.265106
141.815106
143.415106
143.965106
146.115106
146.665106
147.215106
152.315106
152.865106
153.415106
157.165106
157.715106
158.265106
159.865106
163.065106
168.165106
168.715106
169.265106
173.015106
175.165106
177.329906
177.879906
180.015106
180.565106
182.715106
183.265106
183.815106
184.365106
184.915106
185.465106
186.015106
188.165106
190.315106
190.865106
193.015106
196.765106
197.315106
198.915106
199.465106
