1.665106
3.565106
5.715106
7.815106
9.915106
10.465106
12.615106
14.215106
16.115106
18.265106
18.815106
19.365106
19.915106
20.465106
21.015106
21.565106
22.115106
22.665106
24.265106
24.815106
28.315106
28.865106
32.618381
33.165106
33.715106
34.265106
34.815106
36.965106
37.515106
38.065106
39.665106
40.215106
40.765106
41.315106
41.865106
42.415106
44.315106
45.915106
47.515106
48.065106
48.615106
50.765106
54.265106
54.815106
55.365106
62.315106
64.465106
65.015106
67.165106
69.315106
71.465106
73.065106
73.615106
74.165106
74.715106
76.315106
76.865106
80.615106
82.515106
84.665106
88.415106
88.965106
94.315106
95.915106
96.465106
98.065106
100.215106
100.765106
102.915106
103.465106
105.065106
105.615106
107.515106
108.065106
108.615106
110.765106
111.315106
111.865106
112.415106
114.565106
115.115106
115.665106
116.215106
116.765106
117.315106
118.915106
120.515106
121.065106
121.615106
122.165106
122.715106
123.265106
125.415106
127.015106
127.565106
129.715106
131.315106
131.865106
136.965106
137.515106
139.665106
143.415106
145.015106
147.165106
148.765106
151.965106
153.865106
154.415106
154.965106
156.565106
158.165106
159.765106
162.965106
164.865106
166.465106
167.015106
167.565106
168.115106
168.665106
169.215106
170.815106
172.415106
174.565106
176.715106
177.265106
179.165106
181.315106
182.915106
185.065106
186.665106
187.215106
187.765106
188.315106
190.215106
190.765106
193.965106
196.115106
196.665106
198.565106
