1.159354
1.709354
2.259354
2.914954
3.464954
4.014954
4.564954
5.114954
6.714954
7.264954
9.164954
9.714954
10.264954
10.814954
11.364954
11.914954
12.464954
13.014954
14.614954
15.164954
15.714954
16.264954
16.814954
17.364954
17.914954
18.464954
19.014954
24.114954
24.664954
25.214954
25.764954
26.314954
26.864954
27.414954
30.614954
31.164954
31.714954
32.279754
32.814954
33.364954
33.914954
34.464954
35.014954
35.564954
36.114954
36.664954
37.214954
37.764954
39.364954
39.914954
40.464954
41.014954
41.564954
42.114954
42.664954
43.214954
43.764954
44.314954
44.864954
45.414954
45.964954
46.514954
47.064954
47.614954
48.164954
48.714954
49.264954
49.814954
50.364954
50.914954
51.464954
52.014954
52.564954
53.114954
53.679754
54.214954
55.814954
56.364954
56.926317
57.464954
58.014954
58.564954
59.114954
59.664954
60.214954
60.764954
61.314954
61.864954
62.414954
62.964954
63.514954
64.064954
64.614954
65.164954
65.714954
66.279754
66.829754
67.364954
67.914954
68.531677
69.040157
69.603997
70.114954
71.726317
72.264954
72.814954
73.364954
73.914954
74.464954
75.014954
75.564954
76.114954
76.664954
77.214954
77.764954
78.314954
78.864954
79.414954
79.964954
81.864954
82.414954
82.964954
83.514954
84.064954
84.614954
85.164954
85.714954
86.264954
86.814954
87.364954
87.914954
88.464954
89.014954
89.564954
90.114954
90.664954
91.214954
91.764954
92.314954
92.864954
93.414954
93.964954
94.514954
95.064954
95.629754
96.179754
96.729754
97.279754
97.829754
98.379754
98.929754
99.464954
100.014954
100.564954
102.164954
102.714954
103.264954
103.814954
104.364954
104.914954
106.814954
107.364954
107.914954
108.464954
109.014954
109.564954
110.114954
110.664954
111.214954
111.764954
112.314954
112.864954
113.414954
113.964954
114.514954
115.064954
115.614954
116.164954
116.714954
117.264954
117.814954
118.364954
119.964954
120.514954
121.064954
121.614954
122.164954
122.714954
123.264954
123.814954
124.364954
124.914954
125.464954
126.014954
126.564954
127.114954
127.664954
128.164954
128.714954
129.264954
129.814954
131.414954
131.964954
132.514954
133.064954
133.614954
134.164954
134.714954
135.279754
135.829754
136.364954
136.914954
138.829754
139.379754
139.929754
140.479754
142.614954
143.164954
144.764954
145.314954
145.864954
146.414954
146.964954
148.864954
149.414954
149.964954
150.514954
151.064954
151.614954
152.164954
152.714954
153.264954
153.814954
154.379754
155.964954
156.514954
157.064954
157.614954
158.164954
158.714954
159.264954
159.814954
160.364954
160.914954
162.514954
163.079754
164.979754
165.514954
166.064954
166.614954
167.164954
167.714954
168.264954
168.814954
169.364954
169.914954
170.464954
171.014954
171.564954
172.114954
172.664954
173.214954
173.764954
174.314954
174.864954
175.414954
175.964954
176.514954
177.064954
177.614954
178.164954
178.714954
179.264954
179.814954
180.364954
180.914954
182.514954
184.414954
184.964954
185.514954
186.064954
186.614954
187.164954
187.714954
188.264954
188.814954
189.364954
189.914954
190.464954
191.014954
191.564954
192.114954
192.664954
193.214954
193.764954
194.314954
194.864954
195.414954
197.564954
198.114954
198.664954
