1.159506
1.815106
3.415106
3.979906
6.109506
7.665106
8.165106
9.765106
10.315106
10.865106
14.365106
15.994706
16.544706
18.115106
18.665106
19.215106
19.765106
20.315106
20.865106
21.415106
21.965106
22.515106
24.415106
24.965106
26.579906
28.165106
28.715106
29.279906
30.865106
32.465106
33.015106
33.565106
34.115106
34.665133
35.215133
37.365106
37.915106
39.815106
40.365106
40.915106
41.465106
42.015106
42.565106
44.165106
47.665106
48.215106
48.765106
50.929906
52.515106
54.115106
54.665106
55.215106
57.365106
60.565106
62.179906
62.715106
64.315106
64.865106
65.415106
67.565106
69.715106
73.229906
73.779906
74.315106
76.465106
80.215106
80.765106
82.365106
84.515106
85.065106
86.665106
88.265106
88.815106
89.365106
90.965106
96.065106
99.815106
100.365106
100.915106
103.065106
105.215106
105.765106
107.379906
107.929906
108.479906
109.029906
110.615106
111.165106
111.715106
112.279906
112.829906
114.415106
114.965106
115.515106
116.065106
116.615106
117.165106
120.665106
121.215106
121.765106
122.315106
122.865106
125.015106
127.165106
129.315106
131.465106
132.015106
135.215106
136.815106
137.365106
137.915106
140.094706
143.265106
145.165106
152.129906
153.715106
154.265106
154.815106
163.129906
164.715106
166.615106
167.165106
167.715106
168.265106
168.815106
174.179906
174.729906
176.865106
177.415106
179.015106
179.565106
181.165106
183.065106
186.815106
187.365106
187.915106
188.479906
190.079906
190.629906
194.115106
196.265106
196.815106
198.415106
