1.159283
1.709283
2.259283
2.809283
3.359283
3.909283
4.459283
5.009283
5.559283
6.109283
6.659283
7.209283
7.759283
8.309283
8.859283
9.409283
9.959283
10.509283
11.059283
11.609283
12.159283
12.709283
13.259283
13.809283
14.359283
14.909283
15.459283
16.009283
16.559283
17.109283
17.659283
18.209283
18.759283
19.309283
19.859283
20.409278
20.959272
21.509269
22.059266
22.609264
23.159263
23.709262
24.244463
24.794464
25.344465
25.894468
26.444472
26.994477
27.544483
28.079692
28.629703
29.179717
29.729734
30.279756
30.829781
31.515017
32.065047
35.815117
