0.000000
0.000000
0.000000
0.000000
0.000000
0.000000
0.000000
0.000000
0.000000
0.000000
0.000000
0.000000
0.000000
0.000000
0.000000
0.000000
0.000000
0.000000
0.000000
0.000000
0.000000
0.000000
0.000000
0.000000
0.000000
0.000000
0.000000
0.000000
0.000000
0.000000
0.000000
0.000000
0.000000
0.000000
0.000000
0.000000
0.000000
0.000000
0.000000
0.000000
0.000000
0.000000
0.000000
0.000000
0.000000
0.000000
0.000000
0.000000
0.000000
0.000000
0.000000
0.000000
0.000000
0.000000
0.000000
0.000000
0.000000
0.000000
0.000000
0.000000
0.000000
0.000000
0.000000
0.000000
0.000000
0.000000
0.000000
0.000000
0.000000
0.000000
0.000000
0.000000
0.000000
0.000000
0.000000
0.000000
0.000000
0.000000
0.000000
0.000000
0.000000
0.000000
0.000000
82.183627
82.283627
0.000000
83.383627
83.693727
83.707567
0.000000
84.483627
0.000000
85.433627
85.447467
85.461307
85.583627
85.833969
85.847809
0.000000
86.147467
86.533627
0.000000
87.233627
0.000000
88.183627
88.197467
88.333627
88.557567
88.571407
88.585247
0.000000
89.298427
89.433627
0.000000
90.147809
90.161649
90.398427
91.083627
0.000000
91.498427
91.633627
91.761649
0.000000
92.183627
92.608384
0.000000
93.148427
93.283627
93.361649
93.375489
0.000000
94.383627
94.743584
0.000000
95.283627
95.483627
0.000000
96.333969
96.383627
96.583627
96.897809
96.911649
0.000000
97.133627
97.483627
0.000000
98.233627
99.083627
0.000000
99.333627
100.183627
102.283969
102.297809
102.311649
