0.000000
0.000000
0.000000
0.000000
0.000000
0.000000
0.000000
0.000000
0.000000
0.000000
0.000000
0.000000
0.000000
0.000000
0.000000
0.000000
0.000000
0.000000
0.000000
0.000000
0.000000
0.000000
0.000000
0.000000
0.000000
0.000000
0.000000
0.000000
0.000000
0.000000
0.000000
0.000000
0.000000
0.000000
0.000000
0.000000
0.000000
0.000000
0.000000
0.000000
0.000000
0.000000
0.000000
0.000000
0.000000
0.000000
0.000000
0.000000
0.000000
0.000000
0.000000
0.000000
0.000000
0.000000
0.000000
0.000000
0.000000
0.000000
0.000000
0.000000
0.000000
0.000000
0.000000
0.000000
0.000000
0.000000
0.000000
0.000000
0.000000
0.000000
0.000000
0.000000
0.000000
0.000000
0.000000
0.000000
0.000000
0.000000
0.000000
0.000000
0.000000
0.000000
0.000000
82.169643
82.269643
0.000000
83.369643
83.669842
83.669842
0.000000
84.469643
0.000000
85.419643
85.419643
85.419643
85.569643
85.819842
85.819842
0.000000
86.119643
86.519643
0.000000
87.219643
0.000000
88.169643
88.169643
88.319643
88.519842
88.519842
88.519842
0.000000
89.284443
89.419643
0.000000
90.119842
90.119842
90.384443
91.069643
0.000000
91.484443
91.619643
91.719842
0.000000
92.169643
92.584443
0.000000
93.134443
93.269643
93.319842
93.319842
0.000000
94.369643
94.719643
0.000000
95.269643
95.469643
0.000000
96.319842
96.369643
96.569643
96.869842
96.869842
0.000000
97.119643
97.469643
0.000000
98.219643
99.069643
0.000000
99.319643
100.169643
102.269842
102.269842
102.269842
