0.000000
0.000000
0.000000
0.000000
0.000000
0.000000
0.000000
6.113866
6.113866
6.113866
6.113866
6.113866
6.113866
6.113866
6.219643
6.219643
6.219643
6.219643
6.219643
6.219643
6.653728
6.653728
6.653728
6.653728
6.653728
6.653728
6.653728
6.769643
6.769643
0.000000
7.203728
7.199066
7.319643
7.819842
7.819842
7.819842
7.819842
7.819842
7.819842
7.819842
0.000000
8.299066
8.419643
8.424283
0.000000
9.399066
9.519643
9.524283
9.953776
0.000000
10.499066
10.619643
10.624283
0.000000
11.169643
11.174283
11.599066
0.000000
12.149066
12.269643
0.000000
13.234266
13.869643
13.869643
13.919643
0.000000
14.334266
14.469643
0.000000
15.434266
15.569643
16.019643
16.019643
0.000000
16.119643
16.124330
16.124330
16.124330
16.124330
16.124330
16.124330
16.569643
16.549066
0.000000
17.119643
17.219643
17.634266
0.000000
18.184266
18.269842
18.269842
18.269842
18.269842
18.319643
18.769643
18.819842
0.000000
19.319643
19.284266
19.369842
19.969643
0.000000
20.419643
20.384268
21.019842
21.069643
0.000000
21.519643
21.484275
21.619643
0.000000
22.119842
22.119842
22.619643
22.569633
0.000000
23.169643
23.769643
23.769643
0.000000
24.219740
24.219740
24.269643
24.274330
24.274330
0.000000
25.319812
0.000000
26.419643
26.419643
26.469643
26.469643
27.019643
0.000000
27.519643
27.569643
0.000000
28.119643
28.619643
0.000000
29.169643
29.219643
0.000000
30.269643
30.319643
30.269644
30.269644
0.000000
31.369643
0.000000
32.474283
30.269644
30.269644
30.269644
32.469643
31.919754
32.469643
32.623117
32.623117
32.623117
32.623117
32.623117
32.623117
32.623117
0.000000
33.569643
0.000000
34.119643
34.269842
34.269842
32.484324
34.619643
34.619643
34.269848
34.819842
0.000000
33.719843
35.169643
35.222075
0.000000
36.269643
36.319643
36.969842
36.969842
0.000000
0.000000
0.000000
0.000000
0.000000
0.000000
0.000000
0.000000
0.000000
0.000000
0.000000
0.000000
0.000000
0.000000
0.000000
0.000000
0.000000
0.000000
0.000000
0.000000
0.000000
0.000000
0.000000
0.000000
0.000000
0.000000
0.000000
0.000000
0.000000
0.000000
0.000000
0.000000
0.000000
0.000000
0.000000
0.000000
0.000000
0.000000
0.000000
0.000000
0.000000
0.000000
0.000000
0.000000
0.000000
0.000000
0.000000
0.000000
0.000000
0.000000
0.000000
0.000000
0.000000
0.000000
0.000000
0.000000
0.000000
0.000000
0.000000
0.000000
0.000000
0.000000
0.000000
