0.000000
0.000000
0.000000
0.000000
0.000000
0.000000
0.000000
0.000000
0.000000
0.000000
0.000000
0.000000
0.000000
0.000000
0.000000
0.000000
0.000000
0.000000
0.000000
0.000000
0.000000
0.000000
0.000000
0.000000
0.000000
0.000000
0.000000
0.000000
0.000000
0.000000
0.000000
30.269644
30.269644
30.269644
30.269644
30.269644
0.000000
31.919754
0.000000
32.484324
0.000000
33.719843
0.000000
34.269848
0.000000
0.000000
0.000000
36.969842
37.219643
37.319643
0.000000
38.319643
38.419643
0.000000
39.419643
39.519643
39.569842
39.569842
39.569842
0.000000
40.519643
0.000000
41.169643
41.169643
41.724330
0.000000
42.119643
42.119643
42.274330
42.269643
42.274330
0.000000
43.369643
0.000000
44.319643
44.319643
44.469643
0.000000
45.419643
45.569643
0.000000
46.369842
46.369842
46.369842
46.519643
0.000000
47.169643
47.169643
47.619643
0.000000
48.169643
48.519842
48.519842
48.819643
0.000000
49.269643
49.369643
0.000000
50.369643
50.469643
50.669842
50.669842
50.669842
0.000000
51.569643
51.769842
0.000000
52.119643
52.819643
0.000000
53.219643
53.369643
53.369643
53.669842
53.669842
0.000000
54.319643
54.469643
0.000000
55.434288
55.569643
0.000000
56.519643
56.869842
56.869842
0.000000
57.619643
57.719643
0.000000
58.169643
58.269643
58.269643
58.469842
58.469842
58.469842
0.000000
59.269643
59.369643
0.000000
60.369643
60.469643
0.000000
61.669842
61.669842
61.669842
62.019643
0.000000
62.569643
62.619643
62.619643
0.000000
63.169643
0.000000
64.219643
64.484443
64.484443
0.000000
65.319643
65.584443
0.000000
66.419643
0.000000
67.184443
67.184443
68.019643
0.000000
68.419842
68.419842
68.419842
68.419842
68.419842
68.569643
0.000000
69.119643
69.334443
69.334443
69.519842
69.519842
0.000000
70.219643
70.919643
0.000000
71.484443
71.669842
71.669842
71.669842
0.000000
72.219842
72.569643
72.669643
72.669643
0.000000
73.119643
73.219643
0.000000
74.219643
0.000000
75.369643
75.369643
0.000000
76.369643
76.369643
0.000000
77.084642
77.084642
77.084642
77.469643
77.519643
77.519643
77.634642
0.000000
78.569643
78.619643
0.000000
79.119643
79.169643
79.769842
79.769842
0.000000
80.219643
80.269643
0.000000
81.319643
81.369643
0.000000
0.000000
0.000000
0.000000
0.000000
0.000000
0.000000
0.000000
0.000000
0.000000
0.000000
0.000000
0.000000
0.000000
0.000000
0.000000
0.000000
0.000000
