0.000000
0.000000
0.000000
0.000000
0.000000
0.000000
0.000000
0.000000
0.000000
0.000000
0.000000
0.000000
0.000000
0.000000
0.000000
0.000000
0.000000
0.000000
0.000000
0.000000
0.000000
0.000000
0.000000
0.000000
0.000000
0.000000
0.000000
0.000000
0.000000
0.000000
0.000000
30.302866
30.316707
30.330548
30.344388
30.358229
0.000000
31.938384
0.000000
32.498601
0.000000
33.733971
0.000000
34.297818
0.000000
0.000000
0.000000
37.233627
37.247467
37.333627
0.000000
38.333627
38.433627
0.000000
39.433627
39.543584
39.583969
39.597809
39.611649
0.000000
40.533627
0.000000
41.193584
41.207424
41.738457
0.000000
42.133627
42.147467
42.288457
42.293584
42.302297
0.000000
43.393584
0.000000
44.333731
44.347571
44.493584
0.000000
45.433627
45.593584
0.000000
46.383969
46.397809
46.425489
46.533627
0.000000
47.183627
47.197467
47.633627
0.000000
48.183627
48.533969
48.561649
48.833627
0.000000
49.283627
49.383627
0.000000
50.393584
50.483627
50.697809
50.711649
50.725489
0.000000
51.583627
51.783969
0.000000
52.147467
52.847467
0.000000
53.233627
53.383627
53.397467
53.693727
53.707567
0.000000
54.333627
54.483627
0.000000
55.448273
55.583627
0.000000
56.543584
56.883969
56.911649
0.000000
57.643584
57.733627
0.000000
58.193584
58.297467
58.311307
58.483969
58.497809
58.511649
0.000000
59.293584
59.383627
0.000000
60.393584
60.483627
0.000000
61.683969
61.697809
61.711649
62.043584
0.000000
62.593584
62.633627
62.647467
0.000000
63.183627
0.000000
64.233627
64.498427
64.512267
0.000000
65.333627
65.598427
0.000000
66.433627
0.000000
67.198427
67.212267
68.033627
0.000000
68.433969
68.447809
68.475489
68.503169
68.517009
68.583627
0.000000
69.133627
69.348427
69.362267
69.547809
69.589329
0.000000
70.233627
70.933627
0.000000
71.498427
71.683969
71.697809
71.711649
0.000000
72.247809
72.583627
72.683627
72.697467
0.000000
73.133627
73.248224
0.000000
74.233627
0.000000
75.383627
75.397467
0.000000
76.383627
76.397467
0.000000
77.112609
77.126449
77.140289
77.483627
77.533627
77.547467
77.662609
0.000000
78.583627
78.643584
0.000000
79.133627
79.183627
79.797809
79.811649
0.000000
80.233731
80.283627
0.000000
81.333627
81.383627
0.000000
0.000000
0.000000
0.000000
0.000000
0.000000
0.000000
0.000000
0.000000
0.000000
0.000000
0.000000
0.000000
0.000000
0.000000
0.000000
0.000000
0.000000
