1.114954
1.664954
2.214954
2.764954
3.314954
3.864954
4.414954
4.964954
5.514954
6.064954
6.614954
7.164954
7.714954
8.264954
8.814954
9.364954
10.064954
10.614954
11.164954
11.714954
12.264954
12.814954
13.364954
13.914954
14.464954
15.014954
15.564954
16.114954
16.664954
17.214954
17.764954
18.314954
18.864954
19.414954
19.964954
20.514954
21.064954
23.214954
24.814954
25.364954
25.914954
26.464954
27.014954
27.564954
28.114954
28.664954
30.564954
31.114954
31.664954
32.214954
32.764954
33.314954
33.864954
34.414954
34.964954
35.514954
36.064954
37.664954
38.214954
38.764954
39.314954
39.864954
40.414954
40.964954
41.514954
42.064954
42.614954
43.164954
43.714954
44.264954
44.814954
45.364954
45.914954
46.464954
48.615323
49.165323
49.714954
50.264954
50.814954
51.364954
51.914954
52.464954
53.014954
53.564954
54.114954
56.264954
56.814954
57.364954
57.914954
58.464954
59.014954
59.564954
60.114954
60.664954
61.214954
61.764954
62.314954
62.864954
63.414954
63.964954
64.464954
65.014954
65.564954
66.114954
66.664954
67.214954
67.764954
68.314954
68.864954
69.414954
69.965323
70.515323
71.064954
71.614954
72.164954
72.714954
73.264954
74.864954
76.764954
77.314954
77.864954
78.414954
80.564954
81.114954
81.664954
82.214954
82.764954
83.314954
85.464954
86.014954
86.564954
88.164954
88.714954
89.264954
89.814954
90.364954
90.914954
91.464954
92.014954
92.564954
93.114954
93.664954
94.214954
94.764954
95.314954
96.914954
97.464954
98.014954
98.564954
99.114954
99.664954
100.214954
100.764954
101.314954
101.864954
102.414954
102.964954
103.514954
105.114954
105.664954
106.214954
106.764954
107.314954
107.864954
108.414954
108.964954
109.514954
110.064954
110.614954
111.164954
111.714954
112.264954
112.814954
113.364954
113.914954
114.464954
115.014954
116.614954
117.164954
117.714954
118.264954
118.814954
119.364954
119.914954
120.464954
121.014954
121.564954
122.114954
122.664954
123.214954
123.764954
124.314954
124.864954
125.414954
125.964954
126.514954
127.064954
127.614954
128.164954
128.714954
129.264954
129.814954
130.364954
130.914954
131.464954
132.014954
133.614954
134.164954
134.714954
136.614954
138.764954
139.314954
140.914954
142.514954
143.064954
143.614954
144.164954
145.764954
146.314954
146.864954
147.414954
147.964954
148.514954
149.064954
149.614954
151.764954
152.314954
152.864954
153.414954
153.964954
155.564954
156.114954
156.664954
157.214954
157.764954
158.314954
158.864954
159.414954
161.314954
161.864954
163.464954
164.014954
167.514954
168.064954
168.614954
169.164954
169.714954
170.264954
170.814954
171.364954
171.914954
172.464954
173.014954
175.164954
175.714954
176.264954
176.814954
177.364954
177.914954
178.464954
179.014954
179.564954
180.114954
180.664954
181.214954
181.764954
182.314954
182.864954
185.014954
185.564954
186.114954
187.714954
188.264954
188.814954
189.364954
189.914954
190.464954
191.014954
192.914954
193.464954
194.014954
194.564954
195.114954
195.664954
196.214954
196.764954
197.314954
197.864954
198.414954
198.964954
199.514954
