1.159354
1.709354
2.259354
2.809354
3.344554
3.894554
4.994554
6.864954
7.414954
7.964954
8.514954
9.079754
9.614954
10.164954
10.714954
11.264954
11.814954
12.364954
12.914954
13.464954
14.014954
16.164954
16.714954
17.264954
18.879754
19.429754
19.979754
20.529754
21.079754
21.629754
23.514954
24.064954
24.629754
25.164954
25.714954
26.264954
26.814954
27.364954
27.914954
28.464954
29.014954
29.564954
30.114954
30.664954
32.779754
33.414954
33.964954
34.514954
36.564954
37.114954
37.679754
38.229754
38.779754
39.329754
39.879754
40.429754
40.979754
41.529754
43.114954
44.714954
45.264954
45.814954
46.364954
46.914954
47.464954
48.014954
48.564954
49.114954
49.664954
50.214954
50.764954
51.314954
53.214954
53.764954
54.314954
54.864954
55.414954
55.964954
56.514954
57.064954
57.614954
58.164954
58.714954
59.264954
59.814954
60.364954
60.914954
61.464954
62.014954
62.564954
63.114954
63.664954
64.214954
64.764954
65.314954
65.864954
66.414954
66.964954
70.714954
71.264954
71.814954
72.364954
72.914954
73.464954
74.014954
74.564954
76.164954
76.714954
77.264954
77.814954
78.364954
78.914954
79.464954
80.014954
80.579754
81.129754
81.679754
82.229754
82.779754
83.329754
83.879754
84.414954
84.964954
85.514954
86.064954
86.614954
88.214954
88.764954
89.314954
89.864954
91.479754
92.029754
92.579754
93.129754
93.679754
95.264954
95.814954
96.364954
96.929754
97.479754
98.029754
98.579754
99.129754
99.679754
100.229754
100.779754
101.329754
101.879754
102.429754
102.979754
103.529754
104.064954
104.614954
105.164954
105.714954
107.329754
107.879754
108.429754
108.979754
109.529754
110.079754
110.629754
111.179754
111.729754
112.279754
112.829754
113.379754
113.929754
115.814954
116.364954
116.914954
118.514954
119.064954
119.614954
120.164954
120.714954
121.264954
121.814954
122.364954
122.914954
123.464954
124.029754
124.564954
126.164954
126.714954
127.264954
127.814954
129.714954
130.264954
130.814954
131.364954
131.914954
132.464954
133.014954
133.564954
134.114954
134.664954
135.214954
135.764954
136.314954
136.864954
137.414954
137.964954
138.514954
139.064954
139.629754
140.164954
140.714954
141.264954
141.814954
142.364954
142.914954
143.464954
147.214954
147.764954
148.314954
148.864954
149.414954
149.964954
150.514954
151.064954
152.664954
153.214954
153.764954
154.314954
154.864954
155.414954
155.964954
156.514954
157.064954
157.614954
158.164954
158.714954
159.264954
159.814954
160.364954
160.914954
161.464954
162.014954
162.564954
165.764954
166.314954
166.864954
167.414954
167.964954
168.514954
169.064954
169.614954
170.164954
170.714954
171.264954
171.814954
172.364954
173.964954
174.514954
175.064954
176.964954
179.114954
179.664954
180.214954
180.764954
181.314954
181.864954
183.464954
184.014954
184.579754
185.114954
187.029754
187.579754
188.129754
188.679754
190.829754
191.364954
191.914954
194.064954
194.614954
195.164954
195.714954
196.264954
196.814954
197.364954
197.914954
198.464954
199.014954
199.564954
