1.159354
1.709354
2.794554
3.344554
3.894554
4.444554
4.979754
6.931677
7.440157
7.976554
8.514954
9.064954
9.614954
10.164954
10.714954
11.264954
11.814954
13.964954
14.514954
15.064954
15.614954
16.164954
16.714954
17.279754
18.864954
19.414954
19.964954
20.514954
21.064954
22.964954
23.553997
24.064954
24.614954
25.164954
25.714954
26.264954
26.814954
27.364954
27.914954
28.464954
29.014954
29.564954
30.114954
30.664954
31.214954
31.764954
32.314954
32.864954
33.414954
33.964954
34.514954
35.064954
35.614954
36.164954
36.714954
37.264954
37.814954
38.364954
38.914954
39.464954
40.014954
40.564954
41.114954
41.664954
42.214954
42.764954
43.314954
43.864954
44.414954
44.964954
45.514954
46.064954
46.614954
47.164954
47.714954
48.264954
48.814954
49.364954
49.914954
52.014954
52.564954
53.114954
53.664954
54.214954
56.379754
56.929754
57.479754
58.029754
58.579754
59.129754
59.679754
60.229754
62.364954
62.914954
65.064954
65.614954
66.164954
66.714954
67.264954
67.814954
68.364954
68.914954
69.464954
71.614954
73.214954
74.829754
75.379754
75.929754
76.479754
77.029754
77.579754
78.129754
78.679754
79.229754
81.114954
81.664954
82.214954
82.764954
83.314954
83.864954
84.429754
84.964954
85.514954
87.664954
89.279754
89.829754
90.379754
90.914954
91.464954
92.014954
92.564954
93.114954
93.664954
94.214954
94.764954
95.314954
96.914954
97.464954
98.014954
98.564954
99.114954
99.664954
100.214954
100.764954
101.314954
101.864954
102.414954
102.964954
103.514954
104.064954
104.614954
105.164954
105.714954
106.264954
106.829754
107.364954
107.914954
108.464954
109.014954
109.564954
110.114954
110.664954
111.214954
111.764954
112.314954
112.864954
113.414954
113.964954
114.514954
115.064954
115.614954
116.164954
116.714954
117.264954
117.814954
118.364954
118.929754
119.479754
120.014954
120.564954
121.114954
121.664954
122.214954
122.764954
123.314954
123.864954
124.414954
124.964954
125.514954
126.064954
126.614954
127.164954
127.714954
128.264954
128.814954
129.379754
129.929754
130.479754
131.029754
131.564954
132.114954
132.664954
134.279754
134.814954
135.364954
135.914954
137.529754
138.079754
138.629754
139.179754
141.064954
143.214954
143.764954
144.314954
144.864954
145.414954
145.964954
146.514954
148.114954
148.664954
149.214954
149.764954
150.314954
150.864954
151.414954
151.964954
152.514954
157.614954
158.164954
158.714954
159.264954
163.014954
163.564954
164.114954
165.714954
166.264954
168.164954
168.714954
169.264954
169.814954
170.364954
170.914954
171.464954
172.014954
172.564954
173.114954
173.664954
174.214954
174.764954
175.314954
175.864954
176.414954
178.014954
178.564954
179.114954
179.664954
180.214954
180.764954
181.314954
183.214954
183.764954
184.314954
184.864954
185.414954
185.964954
186.514954
187.064954
187.614954
188.164954
188.714954
189.264954
189.814954
190.364954
190.914954
191.464954
192.014954
193.629754
195.514954
196.064954
196.614954
197.164954
197.714954
198.264954
198.814954
199.364954
199.914954
