1.159506
1.815106
3.415106
3.979906
6.109506
6.644706
7.194706
7.744706
8.294706
10.165106
11.765106
13.679906
17.415106
19.015106
21.165106
23.315106
23.865106
26.015106
26.565106
28.165106
31.379906
33.265106
33.815106
34.365106
36.515106
38.665106
39.215106
39.765106
40.315106
40.865106
41.415106
41.965106
42.515106
44.115106
44.665106
46.815106
48.429906
50.015106
51.615106
52.165106
54.065106
54.615106
59.979906
62.115106
65.865106
68.015106
68.565106
69.115106
69.665106
70.215106
70.765106
72.944706
73.494706
75.065106
75.615106
76.165106
76.715106
78.615106
79.165106
80.765106
82.665106
84.265106
86.429906
88.329906
88.879906
89.429906
89.979906
92.115106
92.665106
94.265106
94.815106
96.415106
96.965106
97.515106
99.665106
100.215106
100.765106
102.665106
104.815106
108.579906
110.165106
110.715106
111.265106
111.815106
115.565106
119.065106
122.279906
122.829906
124.415106
129.765106
130.315106
130.865106
132.465106
133.015106
133.565106
134.115106
137.615106
139.215106
139.765106
140.315106
142.479906
145.965106
146.515106
148.679906
150.815106
151.379906
151.929906
153.515106
154.065106
156.229906
156.779906
158.915106
159.465106
160.015106
160.565106
162.179906
163.765106
167.265106
167.815106
168.365106
168.915106
170.529906
175.615106
177.229906
177.779906
178.329906
178.879906
179.429906
179.979906
183.465106
184.015106
184.565106
185.115106
185.665106
186.215106
187.815106
189.715106
190.265106
192.415106
194.015106
195.929906
197.515106
199.129906
199.679906
