1.129754
1.679754
2.229754
2.764954
3.314954
3.864954
4.414954
5.114954
6.714954
7.264954
7.814954
8.364954
8.914954
9.464954
10.029754
10.579754
11.114954
11.664954
12.214954
12.764954
13.314954
13.864954
14.414954
16.014954
16.564954
17.114954
19.014954
19.564954
20.114954
20.664954
21.214954
21.764954
23.364954
23.914954
24.464954
25.014954
25.564954
26.114954
26.664954
27.214954
27.764954
28.329754
28.864954
29.414954
29.964954
30.514954
31.064954
32.614954
33.250004
33.730804
34.264954
34.830804
36.426317
36.964954
37.514954
38.064954
38.614954
39.164954
39.714954
40.264954
40.814954
41.364954
44.864954
45.414954
45.964954
46.514954
47.064954
47.614954
48.164954
48.714954
49.264954
49.814954
50.364954
50.914954
51.464954
53.064954
53.614954
54.164954
54.714954
55.264954
55.814954
56.364954
56.914954
57.464954
58.014954
58.564954
59.114954
59.664954
60.214954
60.764954
61.314954
61.864954
62.414954
62.964954
63.514954
64.064954
64.614954
65.164954
65.729754
66.279754
66.814954
67.364954
68.979754
70.564954
71.114954
71.664954
72.214954
72.779754
73.329754
73.879754
74.414954
76.329754
76.879754
77.414954
77.964954
78.514954
79.064954
79.614954
80.164954
80.714954
81.264954
81.814954
82.364954
82.914954
83.464954
84.014954
84.564954
85.114954
85.664954
86.214954
88.364954
88.914954
89.464954
91.614954
92.164954
92.714954
93.264954
95.414954
95.964954
96.514954
97.064954
97.614954
98.164954
98.714954
99.279754
99.829754
100.379754
100.929754
101.464954
102.014954
102.564954
103.114954
103.664954
104.214954
104.764954
105.314954
107.464954
108.014954
108.564954
109.114954
109.664954
110.214954
110.764954
111.314954
111.864954
112.414954
112.964954
113.514954
114.064954
115.664954
116.214954
116.764954
118.664954
119.214954
119.764954
120.314954
120.864954
121.414954
121.964954
122.514954
123.064954
123.614954
124.164954
126.314954
126.864954
127.414954
127.964954
129.564954
130.114954
130.664954
131.214954
131.764954
132.314954
132.864954
133.414954
133.964954
134.514954
135.064954
135.614954
136.164954
136.714954
137.264954
137.814954
138.364954
138.914954
139.464954
140.014954
140.564954
141.114954
141.664954
142.214954
142.764954
143.314954
143.864954
145.464954
147.064954
147.614954
148.164954
148.714954
149.264954
149.814954
150.364954
150.914954
152.814954
153.364954
153.914954
154.464954
155.014954
155.564954
156.114954
156.664954
157.214954
157.764954
158.314954
158.864954
159.414954
159.964954
160.514954
161.064954
161.614954
162.164954
165.914954
166.464954
167.014954
167.564954
168.114954
168.664954
169.214954
169.764954
170.314954
170.864954
171.414954
171.964954
174.114954
174.664954
175.214954
176.814954
177.379754
178.964954
179.514954
180.064954
180.614954
181.164954
181.729754
183.614954
184.164954
184.714954
185.264954
186.864954
187.414954
187.979754
188.514954
189.064954
190.679754
191.214954
191.764954
192.314954
193.914954
194.464954
195.014954
195.564954
196.114954
196.664954
197.214954
197.764954
198.314954
198.864954
199.414954
199.964954
