1.114954
1.664954
2.214954
2.764954
3.314954
3.864954
4.414954
4.964954
5.514954
6.064954
6.614954
7.164954
7.714954
8.264954
8.814954
9.914954
10.464954
11.014954
11.564954
12.114954
12.664954
13.214954
13.764954
14.314954
14.864954
15.414954
15.964954
16.514954
17.064954
17.614954
18.164954
18.714954
19.264954
19.814954
20.364954
20.914954
21.464954
23.064954
24.964954
25.514954
26.064954
26.614954
27.164954
27.714954
28.264954
28.814954
30.414954
30.964954
31.514954
32.064954
32.614954
33.164954
33.714954
34.264954
34.814954
35.364954
35.914954
37.814954
38.364954
38.914954
39.464954
40.014954
40.564954
41.114954
41.664954
42.214954
42.764954
43.314954
43.864954
44.414954
44.964954
45.514954
46.064954
46.614954
48.764954
49.314954
49.864954
50.414954
50.964954
51.514954
52.064954
52.614954
53.164954
53.714954
55.864954
56.414954
56.964954
57.514954
58.064954
58.614954
59.164954
59.714954
60.264954
60.814954
61.364954
61.914954
62.464954
63.014954
63.564954
64.114954
64.664954
65.214954
65.764954
66.314954
66.864954
67.414954
67.964954
68.514954
69.064954
69.614954
70.164954
70.714954
71.264954
71.814954
72.364954
72.914954
75.014954
76.614954
77.164954
77.714954
78.264954
78.814954
80.414954
80.964954
81.514954
82.064954
82.614954
83.164954
83.714954
85.314954
85.864954
86.414954
88.314954
88.864954
89.414954
89.964954
90.514954
91.064954
91.614954
92.164954
92.714954
93.264954
93.814954
94.364954
94.914954
97.064954
97.614954
98.164954
98.714954
99.264954
99.814954
100.364954
100.914954
101.464954
102.014954
102.564954
103.114954
105.264954
105.814954
106.364954
106.914954
107.464954
108.014954
108.564954
109.114954
109.664954
110.214954
110.764954
111.314954
111.864954
112.414954
112.964954
113.514954
114.064954
114.614954
116.764954
117.314954
117.864954
118.414954
118.964954
119.514954
120.064954
120.614954
121.164954
121.714954
122.264954
122.814954
123.364954
123.914954
124.464954
125.014954
125.564954
126.114954
126.664954
127.214954
127.764954
128.314954
128.864954
129.414954
129.964954
130.514954
131.064954
131.614954
133.764954
134.314954
134.864954
136.464954
137.014954
138.614954
139.164954
142.664954
143.214954
143.764954
145.914954
146.464954
147.014954
147.564954
148.114954
148.664954
149.214954
149.764954
151.914954
152.464954
153.014954
153.564954
155.714954
156.264954
156.814954
157.364954
157.914954
158.464954
159.014954
159.564954
161.164954
161.714954
163.614954
164.164954
165.764954
167.364954
167.914954
168.464954
169.014954
169.564954
170.114954
170.664954
171.214954
171.764954
172.314954
172.864954
173.414954
175.014954
175.564954
176.114954
176.664954
177.214954
177.764954
178.314954
178.864954
179.414954
179.964954
180.514954
181.064954
181.614954
182.164954
182.714954
183.264954
184.864954
185.414954
185.964954
187.864954
188.414954
188.964954
189.514954
190.064954
190.614954
191.164954
192.764954
193.314954
193.864954
194.414954
194.964954
195.514954
196.064954
196.614954
197.164954
197.714954
198.264954
198.814954
199.364954
199.914954
