1.665106
3.565106
5.715106
6.265106
6.815106
7.365106
7.915106
8.415106
10.015106
11.915106
13.515106
14.065106
15.665106
17.265106
19.165106
21.315106
23.465106
24.015106
26.165106
31.515106
33.115106
33.665106
34.215106
34.765106
36.365106
38.515106
39.065106
39.615106
40.165106
40.715106
41.265106
41.815106
42.365106
44.265106
46.415106
51.765106
52.315106
53.915106
54.465106
55.015106
56.615106
58.215106
59.815106
60.365106
61.965106
62.515106
64.115106
66.265106
67.865106
68.415106
68.965106
69.515106
70.065106
70.626269
71.165106
72.765106
73.315106
75.215106
75.765106
76.315106
76.865106
78.465106
79.015106
80.915106
82.515106
84.415106
86.565106
88.165106
88.715106
89.265106
89.815106
91.965106
92.515106
94.415106
96.565106
97.115106
97.665106
99.815106
100.365106
100.915106
102.515106
103.065106
104.665106
105.215106
106.815106
110.315106
110.865106
111.415106
115.165106
115.715106
117.315106
118.915106
122.415106
124.565106
129.915106
130.465106
132.615106
133.165106
133.715106
134.265106
135.865106
139.365106
139.915106
140.465106
142.615106
144.215106
145.815106
146.365106
146.915106
148.515106
149.065106
151.215106
151.765106
153.665106
155.815106
156.365106
158.515106
159.065106
159.615106
160.165106
163.915106
165.515106
167.665106
168.215106
168.765106
172.265106
173.865106
177.365106
177.915106
178.465106
179.015106
179.565106
180.115106
183.315106
183.865106
184.415106
184.965106
185.515106
186.065106
187.965106
189.565106
190.115106
192.265106
194.165106
195.765106
199.265106
199.815106
