1.144554
1.694554
3.964954
5.544554
6.094554
7.664954
8.164954
8.714954
9.264954
9.814954
10.364954
10.914954
11.464954
12.014954
12.564954
13.114954
13.664954
14.214954
14.764954
15.314954
15.864954
16.414954
16.964954
17.514954
18.064954
18.614954
19.164954
19.714954
20.264954
20.814954
21.365323
21.914954
22.464954
23.014954
23.564954
24.114954
24.664954
25.214954
25.764954
26.314954
26.864954
27.414954
27.964954
28.514954
29.064954
29.614954
30.164954
30.714954
31.264954
31.814954
32.364954
32.914954
33.464954
34.014954
34.564954
35.114954
35.664954
36.214954
37.829754
38.379754
38.929754
39.479754
40.029754
40.579754
41.129754
41.679754
42.229754
42.779754
43.329754
43.879754
44.429754
46.014954
46.564954
47.114954
47.664954
48.229754
48.779754
49.329754
49.879754
50.429754
50.979754
51.529754
52.079754
52.629754
53.179754
53.729754
54.279754
54.814954
55.364954
55.914954
56.464954
57.014954
57.564954
58.114954
58.664954
59.214954
59.764954
60.314954
60.864954
61.414954
61.964954
62.514954
64.129754
64.679754
65.229754
65.779754
66.329754
66.879754
67.429754
67.979754
68.529754
69.079754
69.629754
70.179754
70.729754
71.279754
71.829754
72.379754
72.929754
73.479754
74.014954
74.564954
75.114954
75.664954
77.579754
78.129754
78.679754
79.229754
79.779754
80.329754
80.879754
81.429754
81.979754
82.529754
83.079754
83.629754
85.764954
86.314954
86.864954
87.414954
87.964954
88.514954
89.064954
89.614954
90.164954
90.714954
91.264954
91.814954
93.964954
94.514954
95.064954
97.214954
97.764954
98.314954
98.864954
99.414954
99.964954
100.514954
101.064954
101.614954
102.164954
102.714954
103.264954
103.814954
104.364954
104.914954
105.464954
106.014954
106.564954
107.114954
107.664954
108.214954
108.764954
109.314954
109.864954
110.414954
110.964954
111.514954
112.064954
112.614954
113.164954
113.714954
114.264954
114.814954
116.964954
117.514954
118.064954
118.614954
119.164954
119.714954
120.264954
120.814954
121.364954
121.914954
122.464954
123.014954
123.564954
124.114954
124.664954
125.214954
125.764954
126.314954
127.914954
128.414954
128.964954
129.514954
130.064954
130.614954
131.164954
131.714954
132.264954
132.814954
133.364954
133.914954
134.464954
135.014954
135.564954
136.114954
136.664954
137.214954
137.764954
138.314954
138.864954
139.414954
139.964954
140.514954
141.079754
141.614954
142.164954
142.714954
143.264954
143.814954
144.364954
144.914954
145.464954
146.014954
146.564954
147.114954
149.079754
149.629754
150.179754
150.729754
151.279754
151.829754
153.964954
154.514954
155.064954
155.614954
156.164954
156.714954
157.264954
157.814954
158.364954
159.964954
160.514954
161.064954
161.614954
162.164954
162.714954
163.264954
163.814954
164.364954
164.914954
166.514954
167.064954
167.614954
168.164954
168.714954
169.264954
169.814954
170.364954
170.914954
171.464954
172.014954
172.564954
173.114954
173.664954
174.214954
174.764954
175.314954
175.864954
176.414954
176.964954
177.514954
178.064954
178.614954
179.164954
179.714954
180.264954
180.814954
181.364954
181.914954
182.464954
183.014954
183.564954
184.114954
184.664954
185.214954
185.764954
186.314954
186.864954
187.414954
187.964954
188.514954
189.064954
189.614954
190.164954
192.064954
192.614954
193.164954
193.714954
194.264954
194.814954
195.364954
195.914954
196.464954
197.014954
197.564954
198.114954
198.664954
199.214954
199.764954
