1.144706
1.694706
2.244706
2.794706
3.465106
4.015106
5.615106
12.279906
14.415106
14.965106
17.115106
20.865106
21.415106
24.615106
26.215106
26.765106
27.315106
31.065106
31.615106
32.115106
32.665106
34.615106
35.165106
35.715106
36.265106
36.815106
38.965106
39.515106
40.065106
40.615106
42.765106
43.315106
43.865106
44.415106
48.165106
48.715106
49.265106
49.815106
50.365106
52.515106
54.665106
55.215106
56.829906
60.015106
60.565106
61.115106
61.665106
62.215106
64.379906
64.929906
65.479906
67.065106
67.615106
68.165106
70.065106
72.215106
72.765106
73.315106
73.865106
76.015106
76.565106
77.115106
79.265106
79.815106
80.365106
85.715106
87.865106
89.465106
90.015106
93.765106
100.465106
102.615106
103.165106
103.715106
105.865106
108.015106
108.565106
109.115106
110.715106
111.265106
111.815106
112.365106
112.915106
113.465106
114.015106
114.565106
115.115106
117.015106
120.765106
121.315106
121.865106
122.415106
127.215106
127.765106
128.315106
130.215106
131.815106
133.965106
135.565106
136.115106
139.615106
141.215106
142.815106
143.365106
144.965106
148.465106
150.065106
150.615106
151.165106
151.715106
153.865106
154.415106
154.965106
160.079906
162.215106
163.815106
165.415106
165.965106
169.465106
170.015106
172.179906
172.729906
173.279906
173.829906
175.965106
176.515106
178.115106
179.715106
180.265106
180.815106
182.415106
182.965106
184.565106
186.165106
186.715106
187.265106
187.815106
188.365106
188.915106
192.415106
192.965106
193.515106
195.129906
196.715106
198.865106
