1.114954
1.664954
2.214954
3.814954
5.664954
7.814954
8.364954
8.914954
9.464954
10.014954
10.564954
11.114954
11.664954
12.214954
12.764954
13.314954
13.864954
14.414954
14.964954
15.514954
16.064954
16.614954
17.164954
17.714954
18.264954
18.814954
19.364954
19.914954
20.464954
21.014954
21.564954
22.114954
22.664954
23.214954
23.764954
24.314954
24.864954
25.414954
25.964954
26.514954
27.064954
27.614954
28.164954
28.714954
29.264954
29.814954
30.364954
30.914954
31.464954
32.014954
32.564954
33.114954
33.664954
34.214954
34.764954
35.314954
35.864954
37.964954
38.514954
39.064954
39.614954
40.164954
40.714954
41.264954
41.814954
42.364954
42.914954
43.464954
44.014954
46.164954
46.714954
47.264954
47.814954
48.364954
48.914954
49.464954
50.014954
50.564954
51.114954
51.664954
52.214954
52.764954
53.314954
53.864954
54.414954
54.964954
55.514954
56.064954
56.614954
57.164954
57.714954
58.264954
58.814954
59.364954
59.914954
60.464954
61.014954
61.564954
62.114954
64.264954
64.814954
65.364954
65.914954
66.464954
67.014954
67.564954
68.114954
68.664954
69.214954
69.764954
70.314954
70.864954
71.414954
71.964954
72.514954
73.064954
73.614954
74.164954
74.714954
75.264954
75.814954
77.414954
77.964954
78.514954
79.064954
79.614954
80.164954
80.714954
81.264954
81.814954
82.364954
82.914954
83.464954
84.014954
85.614954
86.164954
86.714954
87.264954
87.814954
88.364954
88.914954
89.464954
90.014954
90.564954
91.114954
91.664954
92.214954
93.814954
94.364954
94.914954
95.464954
97.064954
97.614954
98.164954
98.714954
99.264954
99.814954
100.364954
100.914954
101.464954
102.014954
102.564954
103.114954
103.664954
104.214954
104.764954
105.314954
105.864954
106.414954
106.964954
107.514954
108.064954
108.614954
109.164954
109.714954
110.264954
110.814954
111.364954
111.914954
112.464954
113.014954
113.564954
114.114954
114.664954
115.214954
117.364954
117.914954
118.464954
119.014954
119.564954
120.114954
120.664954
121.214954
121.764954
122.314954
122.864954
123.414954
123.964954
124.514954
125.064954
125.614954
126.164954
128.064954
128.614954
129.164954
129.714954
130.264954
130.814954
131.364954
131.914954
132.464954
133.014954
133.564954
134.114954
134.664954
135.214954
135.764954
136.314954
136.864954
137.414954
137.964954
138.514954
139.064954
139.614954
140.164954
140.714954
141.264954
141.814954
142.364954
142.914954
143.464954
144.014954
144.564954
145.114954
145.664954
146.214954
146.764954
147.314954
148.914954
149.464954
150.014954
150.564954
151.114954
151.664954
152.214954
153.814954
154.364954
154.914954
155.464954
156.014954
156.564954
157.114954
157.664954
158.214954
160.114954
160.664954
161.214954
161.764954
162.314954
162.864954
163.414954
163.964954
164.514954
166.664954
167.214954
167.764954
168.314954
168.864954
169.414954
169.964954
170.514954
171.064954
171.614954
172.164954
172.714954
173.264954
173.814954
174.364954
174.914954
175.464954
176.014954
176.564954
177.114954
177.664954
178.214954
178.764954
179.314954
179.864954
180.414954
180.964954
181.514954
182.064954
182.614954
183.164954
183.714954
184.264954
184.814954
185.364954
185.914954
186.464954
187.014954
187.564954
188.114954
188.664954
189.214954
189.764954
190.314954
191.914954
192.464954
193.014954
193.564954
194.114954
194.664954
195.214954
195.764954
196.314954
196.864954
197.414954
197.964954
198.514954
199.064954
199.614954
