1.129906
1.679906
2.229906
3.315106
3.865106
5.765106
7.365106
8.929906
12.115106
12.665106
14.265106
14.815106
15.365106
19.115106
20.715106
21.265106
26.365106
26.915106
29.065106
31.215106
31.765106
32.315106
32.865106
34.465106
35.015106
35.565106
36.115106
36.665106
37.215106
38.815106
39.365106
39.915106
40.465106
42.615106
43.165106
43.715106
44.265106
44.815106
48.015106
48.565106
49.115106
49.665106
50.215106
50.765106
52.365106
52.915106
54.515106
55.065106
60.165106
60.715106
61.265106
61.815106
63.965106
64.515106
65.065106
67.215106
67.765106
68.315106
69.915106
70.465106
72.065106
72.615106
73.165106
73.715106
74.265106
75.865106
76.415106
76.965106
79.115106
79.665106
80.215106
82.379906
83.965106
85.565106
86.115106
87.715106
89.615106
91.765106
95.515106
97.115106
98.729906
100.315106
100.865106
102.465106
103.015106
103.565106
104.115106
107.865106
108.415106
108.965106
110.865106
111.415106
111.965106
112.515106
113.065106
113.615106
114.165106
114.715106
115.265106
116.865106
117.415106
121.165106
121.715106
122.265106
127.365106
127.915106
128.465106
130.065106
133.579906
135.715106
136.265106
137.865106
139.465106
142.965106
145.129906
148.315106
150.215106
150.765106
151.315106
151.865106
154.015106
154.565106
155.115106
156.715106
162.065106
165.565106
166.115106
169.315106
169.865106
172.015106
172.565106
173.115106
173.665106
175.815106
176.365106
179.879906
180.429906
182.565106
186.315106
186.865106
187.415106
187.965106
188.515106
189.065106
190.665106
192.815106
193.365106
198.465106
199.015106
