1.159354
1.709354
2.259354
2.914954
3.464954
4.014954
4.564954
5.114954
6.714954
7.264954
7.829754
8.379754
8.944554
9.479754
10.029754
10.579754
11.129754
11.679754
12.229754
13.814954
14.364954
14.914954
15.464954
16.014954
16.564954
17.114954
19.014954
19.564954
20.114954
20.664954
21.214954
22.814954
23.364954
23.914954
24.464954
25.014954
25.564954
26.114954
26.664954
27.214954
27.764954
28.314954
28.864954
29.414954
29.964954
30.514954
31.064954
31.614954
32.114954
32.664954
33.214954
33.764954
34.314954
34.864954
35.414954
35.964954
36.514954
37.064954
37.614954
38.164954
38.714954
39.264954
39.814954
40.364954
40.914954
41.464954
42.014954
42.564954
43.114954
43.664954
44.214954
44.764954
45.314954
45.864954
46.429754
46.964954
47.514954
48.076317
48.614954
49.164954
49.714954
50.264954
51.864954
52.426317
52.964954
53.514954
54.064954
54.614954
56.214954
56.764954
57.314954
57.864954
58.414954
58.964954
59.514954
60.064954
60.614954
62.214954
62.764954
63.314954
64.929754
65.479754
66.029754
66.579754
67.129754
67.679754
68.229754
68.779754
69.329754
69.879754
71.464954
74.964954
75.514954
76.064954
76.614954
77.164954
77.714954
78.264954
78.814954
79.364954
80.964954
81.514954
82.064954
82.614954
83.164954
83.714954
84.264954
84.814954
85.364954
85.914954
87.514954
89.414954
89.964954
90.514954
91.064954
91.614954
92.164954
92.714954
93.264954
93.829754
94.379754
94.929754
97.079754
97.629754
98.179754
98.744554
99.279754
99.829754
100.379754
100.929754
101.479754
102.029754
102.579754
103.129754
103.679754
104.229754
104.779754
105.329754
105.879754
106.429754
106.979754
107.529754
108.079754
108.629754
109.179754
109.729754
110.279754
110.829754
111.379754
111.929754
112.479754
113.029754
113.579754
114.129754
114.679754
115.229754
115.764954
116.314954
116.879754
117.429754
117.964954
118.514954
119.064954
119.614954
120.164954
120.714954
121.264954
121.814954
122.364954
122.914954
123.464954
124.014954
124.564954
125.114954
125.664954
126.214954
126.764954
127.314954
127.864954
128.414954
128.964954
129.514954
130.079754
130.629754
131.164954
131.714954
132.264954
134.414954
134.964954
135.514954
137.664954
138.214954
138.764954
139.314954
140.914954
141.464954
143.064954
143.614954
144.164954
144.714954
145.264954
145.814954
146.364954
148.264954
148.814954
149.364954
149.914954
150.464954
151.014954
151.564954
152.114954
152.664954
154.264954
155.864954
157.464954
158.014954
158.564954
159.114954
159.664954
161.264954
162.879754
163.429754
163.994554
165.864954
166.414954
168.014954
168.564954
169.114954
169.664954
170.214954
170.764954
171.314954
171.864954
172.414954
172.964954
173.514954
174.064954
174.614954
175.164954
175.714954
176.264954
178.164954
178.714954
179.264954
179.814954
180.364954
180.914954
181.464954
183.064954
183.614954
184.164954
184.729754
185.264954
185.814954
186.364954
186.914954
187.464954
188.014954
188.564954
189.114954
189.664954
190.214954
190.764954
191.314954
191.864954
193.764954
195.364954
195.914954
196.464954
197.014954
197.564954
198.114954
198.664954
199.214954
199.764954
