0.000000
0.000000
0.000000
0.000000
0.000000
0.000000
0.000000
0.000000
0.000000
0.000000
0.000000
0.000000
0.000000
0.000000
0.000000
0.000000
0.000000
0.000000
0.000000
0.000000
0.000000
0.000000
0.000000
0.000000
0.000000
0.000000
0.000000
0.000000
0.000000
0.000000
0.000000
0.000000
0.000000
0.000000
0.000000
0.000000
0.000000
36.669842
0.000000
37.219842
37.434349
37.519643
37.519643
37.819643
0.000000
38.369643
38.534349
38.619643
38.819842
0.000000
39.169643
39.469643
39.634349
0.000000
40.184349
40.269643
40.569643
0.000000
41.119643
41.284349
41.369643
0.000000
42.219643
42.384349
42.619842
42.619842
42.619842
0.000000
43.169842
43.169842
43.319643
43.484349
0.000000
44.419643
44.584349
44.819842
44.869643
44.869643
0.000000
45.134349
45.419643
45.419643
45.519643
0.000000
46.234349
46.519643
46.619643
0.000000
47.334349
47.619643
48.019842
48.019842
0.000000
48.169643
48.434349
48.569842
48.569842
48.769643
48.769643
0.000000
49.119842
49.269643
49.319643
49.534349
0.000000
50.419643
50.634349
50.769842
50.919643
0.000000
51.184349
51.469643
51.519643
0.000000
52.284349
52.369842
52.369842
52.619643
53.069643
0.000000
53.169643
53.384349
53.619643
0.000000
54.169643
54.484349
55.069842
0.000000
55.269643
55.584349
55.869643
55.869643
0.000000
56.134349
56.369643
56.419643
0.000000
57.234349
57.469643
57.519643
0.000000
58.334349
58.569643
58.619643
0.000000
59.119643
59.169643
59.434349
0.000000
60.169842
60.169842
60.169842
60.169842
60.219643
60.169842
60.269643
60.534349
60.719842
0.000000
61.269842
61.319643
61.369643
61.634349
0.000000
62.184349
62.419643
62.469643
0.000000
63.284349
63.519643
63.569643
63.969842
63.969842
0.000000
64.119643
64.384349
65.069842
0.000000
65.069842
65.169643
65.169643
65.219643
65.484349
0.000000
66.284443
66.319643
66.584349
0.000000
67.134349
67.219842
67.219842
67.369643
67.419643
0.000000
68.234349
68.519643
68.984443
0.000000
69.334349
69.619643
69.919842
69.919842
69.919842
0.000000
70.169643
70.434349
70.469842
70.569643
70.569643
0.000000
71.119643
71.269643
0.000000
0.000000
0.000000
0.000000
0.000000
0.000000
0.000000
0.000000
0.000000
0.000000
0.000000
0.000000
0.000000
0.000000
0.000000
0.000000
0.000000
0.000000
0.000000
0.000000
0.000000
0.000000
0.000000
0.000000
0.000000
0.000000
0.000000
0.000000
