0.000000
0.000000
0.000000
0.000000
0.000000
0.000000
0.000000
0.000000
0.000000
0.000000
0.000000
0.000000
0.000000
0.000000
0.000000
0.000000
0.000000
0.000000
0.000000
0.000000
0.000000
0.000000
0.000000
0.000000
0.000000
0.000000
0.000000
0.000000
0.000000
0.000000
0.000000
0.000000
0.000000
0.000000
0.000000
0.000000
0.000000
0.000000
0.000000
0.000000
0.000000
0.000000
0.000000
0.000000
0.000000
0.000000
0.000000
0.000000
0.000000
0.000000
0.000000
0.000000
0.000000
0.000000
0.000000
0.000000
0.000000
0.000000
0.000000
0.000000
0.000000
0.000000
0.000000
0.000000
0.000000
0.000000
0.000000
0.000000
0.000000
0.000000
0.000000
0.000000
71.573146
71.573146
71.573146
0.000000
72.113866
72.118506
72.123146
72.127786
0.000000
73.213866
73.218506
73.223146
73.227786
0.000000
74.313866
74.318506
74.323146
74.327786
0.000000
75.413866
75.418506
75.423146
75.427786
0.000000
76.513866
76.518506
76.523146
76.527786
0.000000
77.613866
77.618506
77.623146
77.627786
0.000000
78.163866
78.168506
78.173146
78.177786
0.000000
79.263866
79.268506
79.273146
79.277786
0.000000
80.363866
80.368506
80.373146
80.377786
0.000000
81.463866
81.468506
81.473146
81.477786
0.000000
82.563866
82.568506
82.573146
82.577786
0.000000
83.113866
83.118506
83.123146
83.127786
0.000000
84.213866
84.218506
84.223146
84.227786
0.000000
85.313866
85.318506
85.323146
85.327786
0.000000
86.418506
86.423146
86.427786
86.413866
0.000000
87.513866
87.518506
87.523146
87.527786
0.000000
88.613866
88.618506
88.623146
88.627786
0.000000
89.163866
89.168506
89.173146
89.177786
0.000000
90.263866
90.268506
90.273146
90.277786
0.000000
91.363866
91.368506
91.373146
91.377786
0.000000
92.463866
92.468506
92.473146
92.477786
0.000000
93.563866
93.568506
93.573146
93.577786
0.000000
94.113866
94.118506
94.123146
94.127786
0.000000
95.213866
95.218506
95.223146
95.227786
0.000000
96.313866
96.318506
96.323146
96.327786
0.000000
97.413866
97.418506
97.423146
97.427786
0.000000
98.513866
98.518506
98.523146
98.527786
0.000000
99.613866
99.618506
99.623146
99.627786
