0.000000
0.000000
0.000000
0.000000
0.000000
0.000000
0.000000
0.000000
0.000000
0.000000
0.000000
0.000000
0.000000
0.000000
0.000000
0.000000
0.000000
0.000000
0.000000
0.000000
0.000000
0.000000
0.000000
0.000000
0.000000
0.000000
0.000000
0.000000
0.000000
0.000000
0.000000
0.000000
0.000000
0.000000
0.000000
0.000000
0.000000
36.683969
0.000000
37.233969
37.491677
37.533627
37.547467
37.843584
0.000000
38.393584
38.591677
38.633627
38.847809
0.000000
39.183627
39.493584
39.691677
0.000000
40.241677
40.283627
40.593584
0.000000
41.143584
41.341677
41.383627
0.000000
42.243584
42.441677
42.633969
42.647809
42.661649
0.000000
43.183969
43.197809
43.343584
43.541677
0.000000
44.443584
44.641677
44.833969
44.883627
44.897467
0.000000
45.191677
45.433627
45.447467
45.533627
0.000000
46.291677
46.533627
46.633627
0.000000
47.391677
47.633627
48.033969
48.047809
0.000000
48.183627
48.491677
48.583969
48.597809
48.793584
48.807424
0.000000
49.147809
49.283627
49.343584
49.591677
0.000000
50.443584
50.691677
50.783969
50.933627
0.000000
51.241677
51.483627
51.543584
0.000000
52.341677
52.397809
52.411649
52.643584
53.083627
0.000000
53.193584
53.441677
53.633627
0.000000
54.183627
54.541677
55.083969
0.000000
55.283627
55.641677
55.883627
55.897467
0.000000
56.191677
56.393584
56.433627
0.000000
57.291677
57.493584
57.533627
0.000000
58.391677
58.593584
58.633627
0.000000
59.143584
59.183627
59.491677
0.000000
60.183969
60.197809
60.211649
60.239329
60.243584
60.267009
60.283627
60.591677
60.789329
0.000000
61.297809
61.333627
61.383627
61.691677
0.000000
62.241677
62.433627
62.483627
0.000000
63.341677
63.533627
63.583627
63.983969
63.997809
0.000000
64.148224
64.441677
65.097809
0.000000
65.111649
65.183627
65.197467
65.243584
65.541677
0.000000
66.298427
66.343584
66.641677
0.000000
67.191677
67.233969
67.261649
67.383627
67.443584
0.000000
68.291677
68.543584
69.012267
0.000000
69.391677
69.643584
69.933969
69.947809
69.961649
0.000000
70.193584
70.491677
70.511649
70.597467
70.611307
0.000000
71.133627
71.293584
0.000000
0.000000
0.000000
0.000000
0.000000
0.000000
0.000000
0.000000
0.000000
0.000000
0.000000
0.000000
0.000000
0.000000
0.000000
0.000000
0.000000
0.000000
0.000000
0.000000
0.000000
0.000000
0.000000
0.000000
0.000000
0.000000
0.000000
0.000000
