0.000000
0.000000
0.000000
0.000000
0.000000
0.000000
0.000000
0.000000
0.000000
0.000000
0.000000
0.000000
0.000000
0.000000
0.000000
0.000000
0.000000
0.000000
0.000000
0.000000
0.000000
0.000000
0.000000
0.000000
0.000000
0.000000
0.000000
0.000000
0.000000
0.000000
0.000000
0.000000
0.000000
0.000000
0.000000
0.000000
0.000000
0.000000
0.000000
0.000000
0.000000
0.000000
0.000000
0.000000
0.000000
0.000000
0.000000
0.000000
0.000000
0.000000
0.000000
0.000000
0.000000
0.000000
0.000000
0.000000
0.000000
0.000000
0.000000
0.000000
0.000000
0.000000
0.000000
0.000000
0.000000
0.000000
0.000000
0.000000
0.000000
0.000000
0.000000
0.000000
71.587063
71.600903
71.614743
0.000000
72.127783
72.132423
72.137063
72.141703
0.000000
73.227783
73.232423
73.237063
73.241703
0.000000
74.327783
74.332423
74.337063
74.341703
0.000000
75.427783
75.432423
75.437063
75.441703
0.000000
76.527783
76.532423
76.537063
76.541703
0.000000
77.627783
77.632423
77.637063
77.641703
0.000000
78.177783
78.182423
78.187063
78.191703
0.000000
79.277783
79.282423
79.287063
79.291703
0.000000
80.377783
80.382423
80.387063
80.391703
0.000000
81.477783
81.482423
81.487063
81.491703
0.000000
82.577783
82.582423
82.587063
82.591703
0.000000
83.127783
83.132423
83.137063
83.141703
0.000000
84.227783
84.232423
84.237063
84.241703
0.000000
85.328717
85.333512
85.337063
85.341703
0.000000
86.433512
86.437063
86.441703
86.443517
0.000000
87.527783
87.532423
87.537063
87.541703
0.000000
88.627783
88.632423
88.637063
88.641703
0.000000
89.177783
89.182423
89.187063
89.191703
0.000000
90.277783
90.282423
90.287063
90.291703
0.000000
91.377783
91.382423
91.387063
91.391703
0.000000
92.477783
92.482423
92.487063
92.491703
0.000000
93.577783
93.582423
93.587063
93.591703
0.000000
94.127783
94.132423
94.137063
94.141703
0.000000
95.227783
95.232423
95.237063
95.241703
0.000000
96.327783
96.332423
96.337063
96.341703
0.000000
97.427783
97.432423
97.437063
97.441703
0.000000
98.527783
98.532423
98.537063
98.541703
0.000000
99.627783
99.632423
99.637063
99.641703
