0.000000
0.000000
0.000000
0.000000
0.000000
0.000000
0.000000
6.118528
6.113866
6.118528
6.113866
6.118528
6.113866
6.118528
6.113866
6.118528
6.113866
6.113866
6.118528
6.113866
6.653728
6.653728
6.653728
6.819842
6.819842
6.819842
6.819842
6.819842
6.819842
6.819842
0.000000
7.203728
7.199066
7.369842
7.819643
7.819643
7.819643
7.819643
7.819643
7.819643
7.819643
7.819643
0.000000
8.303728
8.299066
8.369643
0.000000
9.388928
9.384266
10.019643
0.000000
10.484266
10.569643
10.619643
0.000000
11.169643
11.584266
11.669643
0.000000
12.134266
12.219643
12.819643
0.000000
13.234266
13.869643
13.919643
0.000000
14.069842
14.069842
14.069842
14.069842
14.069842
14.334266
14.469643
14.969643
0.000000
15.434266
15.519643
15.569643
15.669842
15.669842
15.669842
0.000000
16.119643
16.534266
16.619643
0.000000
17.219643
17.269842
17.634266
17.719643
0.000000
18.184266
18.269643
18.319643
0.000000
19.284266
19.369643
19.419643
0.000000
20.384266
20.469643
20.519643
0.000000
21.319842
21.319842
21.319842
21.319842
21.484266
21.569643
0.000000
22.119643
22.569549
0.000000
23.119549
23.219643
23.219643
23.219643
23.469842
23.469842
23.769643
24.019842
0.000000
24.219549
24.319643
0.000000
25.369643
25.319549
25.369643
25.419643
0.000000
26.169842
26.169842
26.169842
26.469643
26.419549
26.519643
0.000000
27.569643
27.519549
27.619643
0.000000
28.119643
28.169643
28.619549
0.000000
29.169549
29.269643
0.000000
30.269549
30.369643
30.569643
30.569643
0.000000
31.119643
31.384266
31.469643
0.000000
32.219643
32.469549
32.569643
0.000000
33.119643
33.124330
33.124330
33.124330
33.124330
33.124330
33.124330
33.319643
33.569549
33.674330
0.000000
34.119549
34.219643
34.419643
34.774330
0.000000
35.219549
35.319643
36.069643
0.000000
36.319549
36.369842
36.369842
0.000000
0.000000
0.000000
0.000000
0.000000
0.000000
0.000000
0.000000
0.000000
0.000000
0.000000
0.000000
0.000000
0.000000
0.000000
0.000000
0.000000
0.000000
0.000000
0.000000
0.000000
0.000000
0.000000
0.000000
0.000000
0.000000
0.000000
0.000000
0.000000
0.000000
0.000000
0.000000
0.000000
0.000000
0.000000
0.000000
0.000000
0.000000
0.000000
0.000000
0.000000
0.000000
0.000000
0.000000
0.000000
0.000000
0.000000
0.000000
0.000000
0.000000
0.000000
0.000000
0.000000
0.000000
0.000000
0.000000
0.000000
0.000000
0.000000
0.000000
0.000000
0.000000
0.000000
