1.665110
5.115110
6.715110
7.265110
9.165110
11.315110
14.515110
17.665110
19.265110
19.815110
21.965110
23.565110
25.165110
28.665110
32.365110
37.765110
39.915110
43.665110
44.215110
45.815110
47.965110
51.465110
53.065110
53.615110
55.215110
56.815110
58.715110
60.315110
60.865110
62.765110
67.565110
69.465110
71.615110
72.165110
73.765110
76.965110
78.865110
80.465110
83.965110
84.515110
88.265110
88.815110
89.365110
91.515110
93.665110
94.215110
94.765110
96.365110
99.865110
100.415110
102.565110
104.715110
106.315110
106.865110
109.015110
109.565110
111.165110
114.915110
116.815110
120.565110
125.915110
129.615110
130.165110
130.715110
132.315110
133.915110
134.465110
135.015110
135.565110
136.115110
138.015110
138.565110
143.365110
145.265110
145.815110
151.165110
153.315110
153.865110
157.615110
161.365110
162.965110
166.465110
167.015110
167.565110
168.115110
168.665110
170.265110
170.815110
172.715110
174.315110
187.415110
192.765110
194.915110
196.515110
197.065110
197.615110
198.165110
