1.665110
2.215110
7.565110
8.115110
8.665110
9.215110
9.765110
11.915110
15.415110
15.965110
16.515110
17.065110
17.615110
18.165110
18.715110
33.615110
37.315110
38.915110
40.515110
42.115110
42.665110
43.215110
45.365110
45.915110
48.065110
49.665110
50.215110
51.815110
53.415110
53.965110
57.465110
58.015110
59.615110
61.765110
63.665110
65.265110
66.865110
67.415110
69.565110
71.165110
71.715110
72.265110
74.415110
77.915110
78.465110
79.015110
82.765110
84.365110
84.915110
88.665110
89.215110
91.365110
92.965110
94.565110
96.465110
98.065110
98.615110
100.215110
103.415110
105.565110
107.165110
108.765110
112.515110
114.115110
119.215110
120.815110
121.365110
121.915110
122.465110
124.615110
126.515110
127.065110
127.615110
128.165110
132.965110
133.515110
140.215110
140.765110
141.315110
143.465110
145.065110
145.615110
149.115110
152.865110
154.465110
155.015110
155.565110
157.165110
158.765110
159.315110
159.865110
160.415110
162.015110
162.565110
175.665110
177.815110
179.415110
181.015110
181.565110
182.115110
184.265110
187.765110
189.915110
190.465110
191.015110
193.165110
193.715110
197.465110
