4.465110
7.665110
8.165110
9.765110
10.315110
11.915110
15.665110
17.815110
18.365110
19.965110
21.565110
25.065110
26.665110
28.265110
28.815110
29.365110
29.915110
36.615110
38.215110
38.765110
42.515110
44.115110
44.665110
49.765110
50.315110
52.465110
53.015110
53.565110
56.765110
58.365110
58.915110
59.465110
61.065110
61.615110
62.165110
63.765110
65.665110
66.215110
66.765110
67.315110
67.865110
68.415110
70.015110
70.565110
74.315110
74.865110
75.415110
77.315110
79.465110
83.215110
83.765110
85.915110
92.865110
94.465110
96.065110
96.615110
97.165110
97.715110
99.865110
100.415110
102.015110
102.565110
106.065110
106.615110
107.165110
110.365110
112.265110
112.815110
114.415110
114.965110
116.565110
117.115110
118.715110
119.265110
120.865110
124.615110
128.115110
131.865110
133.465110
134.015110
137.515110
138.065110
138.615110
139.165110
141.315110
142.915110
145.065110
153.365110
154.965110
156.565110
157.115110
159.015110
164.365110
165.965110
169.715110
171.865110
173.465110
174.015110
175.915110
176.465110
177.015110
178.615110
179.165110
179.715110
180.265110
183.765110
189.115110
190.715110
192.315110
193.915110
199.015110
199.565110
