1.159510
3.415110
4.965110
6.865110
7.415110
9.015110
9.565110
11.165110
19.415110
19.965110
25.315110
26.915110
28.515110
30.665110
32.829910
34.429910
36.015110
38.165110
40.315110
43.515110
44.065110
45.979910
48.115486
49.730286
53.215110
56.965110
58.565110
60.465110
61.029910
62.629910
67.744710
69.315110
69.865110
72.015110
77.115110
78.715110
80.629910
82.229910
83.815110
84.365110
84.929910
86.515110
88.665110
89.215110
89.765110
91.929910
93.515110
94.065110
94.630286
96.515110
98.115486
100.274877
102.415110
102.965110
104.565110
106.479910
108.615110
109.179910
112.915110
115.065110
116.665110
118.815110
120.979910
124.165110
125.765110
127.915110
129.465110
130.015110
130.565110
134.065110
134.615110
135.165110
135.715110
136.265110
137.865110
138.415110
143.515110
145.115110
145.665110
147.815110
151.565110
153.165110
153.715110
155.865110
158.015110
159.615110
161.215110
163.115110
164.715110
166.315110
166.865110
167.415110
167.965110
168.515110
170.415110
170.965110
172.565110
176.079910
177.679910
179.265110
180.865110
184.065110
185.665110
187.265110
192.615110
193.165110
194.765110
196.665110
197.215110
197.765110
199.915110
