2.715110
4.315110
7.815110
9.915486
13.665110
15.815486
17.965486
21.715486
24.915110
28.415110
28.965110
29.515110
30.065110
31.665110
33.265110
34.865110
36.465110
38.365486
40.515110
44.265110
44.815110
46.415110
49.615486
50.165486
52.315110
52.865110
53.415110
58.515110
59.065110
61.215110
61.765110
63.915110
65.515110
66.065110
66.615110
67.165110
67.715110
68.265110
70.165110
70.715110
74.465110
75.015110
75.565110
77.165110
77.715110
79.865110
81.465110
83.065110
83.615110
84.165110
85.765110
86.315110
87.915110
89.515110
91.115110
92.715110
96.215110
96.765110
97.315110
99.465110
100.015110
102.165110
104.315110
105.915110
106.465110
107.015110
110.515110
112.115110
112.665110
114.565110
116.715110
118.865110
121.015110
126.365110
127.965110
128.515110
131.715110
133.615110
134.165110
135.765110
137.365110
137.915110
138.465110
139.015110
141.165110
143.065110
145.215110
148.415110
153.215110
156.715110
157.265110
158.865110
161.015110
164.215110
166.115110
171.465110
173.615110
174.165110
175.765110
176.315110
176.865110
178.765110
179.315110
179.865110
180.415110
182.015110
184.165110
185.765110
187.365110
188.965110
194.065110
195.665110
197.265110
199.415110
199.965110
