3.265110
5.415110
8.915110
9.465110
11.615110
12.165110
15.915110
21.265110
21.815110
22.365110
22.915110
23.465110
25.615110
30.415110
32.265110
32.815110
34.415110
36.565110
43.265110
43.815110
49.165110
49.715486
53.465110
54.015486
54.565110
55.115110
57.265110
58.865110
59.415110
64.215110
66.115110
67.729910
68.279910
71.765110
73.929910
75.515110
80.615110
82.215110
82.765110
83.315110
84.915110
85.465110
87.615110
88.165110
88.715110
90.315110
91.915110
92.465110
93.062557
93.565110
94.115110
96.065110
97.665110
99.265110
104.615110
105.179910
106.765110
108.365110
108.929910
109.465110
110.015110
111.615110
112.165110
117.279910
119.429910
119.965110
121.565110
123.465110
124.015110
125.615110
127.515110
129.115110
130.715110
132.315110
132.865110
136.065110
138.215110
139.815110
141.415110
143.329910
144.915110
146.515110
148.115110
149.715110
151.865110
152.415110
152.965110
154.865110
158.615110
159.165110
159.715110
160.265110
160.815110
162.965110
164.565110
165.115110
165.665110
166.215110
167.815110
169.415110
174.765110
178.515110
179.065110
180.665110
181.215110
183.115110
184.715110
187.915110
188.465110
189.015110
189.565110
191.165110
191.715110
197.065110
197.615110
199.515110
