1.129910
1.815110
3.965110
7.715110
8.265110
8.815486
9.365486
11.515110
12.079910
13.679910
15.279910
15.830286
16.315110
16.865110
17.415110
17.980286
18.529910
19.065110
22.265110
23.865110
25.479910
28.665110
31.865110
33.965110
37.165110
42.265110
42.815110
44.965110
45.515110
47.665110
49.815486
53.565110
54.115110
57.315110
57.865110
59.765110
61.915110
63.515110
67.015110
67.565110
71.315110
71.865110
74.015110
74.565110
77.765110
78.315110
78.865110
81.015110
82.615110
84.515110
85.065110
88.815110
90.965110
94.715110
96.315110
98.215110
103.565110
110.529910
114.265110
115.865110
117.465110
120.965110
121.515110
122.065110
124.229910
124.779910
126.379910
126.915110
127.465110
128.015110
133.115110
136.865110
138.479910
140.065110
140.615110
141.179910
141.729910
145.229910
145.765110
148.965110
151.115110
152.715110
154.615110
155.165110
158.915110
159.465110
160.015110
162.165110
164.315110
167.515110
169.115110
172.315110
173.915110
177.665110
181.165110
181.715110
183.865110
186.015110
187.615110
188.165110
190.315110
190.879910
193.015110
193.565110
194.115110
195.715110
197.315110
197.865110
199.465110
