1.115110
3.415110
5.565110
7.165110
8.765110
9.315110
9.865110
11.465110
12.015110
12.565110
14.165110
15.765110
16.315110
17.915110
19.515110
21.665110
22.215110
22.765110
23.315110
23.865110
30.565110
32.115110
32.665110
34.565110
36.715110
38.315110
39.915110
43.115110
43.665110
44.215110
45.815110
47.415110
49.565110
50.115110
53.865110
54.415110
54.965110
55.515110
59.015110
64.365110
65.965110
67.865110
68.415110
70.015110
71.615110
72.165110
75.665110
80.465110
82.365110
82.915110
85.065110
85.615110
87.765110
88.315110
92.065110
92.615110
93.215110
93.765110
94.315110
95.915110
104.215110
104.765110
108.515110
109.065110
109.615110
111.765110
112.315110
115.515110
117.115110
117.665110
119.815110
121.715110
123.315110
123.865110
125.765110
127.365110
132.465110
136.215110
141.565110
143.165110
149.865110
152.015110
152.565110
153.115110
154.715110
155.265110
156.865110
158.465110
159.015110
159.565110
160.115110
160.665110
161.215110
162.815110
164.715110
165.265110
165.815110
171.165110
174.915110
178.665110
180.815110
181.365110
182.965110
188.065110
188.615110
189.165110
191.315110
191.865110
197.215110
197.765110
199.365110
