0.000000
0.000000
0.000000
0.000000
0.000000
0.000000
0.000000
6.719847
6.719847
6.719847
6.719847
0.000000
7.269847
7.669847
7.669847
7.669847
0.000000
8.169847
8.169847
8.169847
8.169847
8.669847
8.669847
8.669847
8.669847
8.669847
8.769847
8.769847
8.769847
8.769847
8.769847
8.769847
0.000000
9.219847
9.169847
9.169847
9.219847
9.219847
9.219847
9.319847
9.319847
9.869847
0.000000
0.000000
11.319847
11.319847
11.319847
11.319847
11.319847
11.469847
11.469847
11.924487
0.000000
0.000000
0.000000
0.000000
15.419847
15.419847
15.419847
15.419847
15.419847
15.769847
15.769847
15.769847
15.769847
0.000000
16.319847
16.319847
0.000000
17.069847
17.619847
17.669847
17.669847
17.669847
17.669847
17.919847
0.000000
18.369847
18.369847
18.369847
18.369847
18.369847
18.369847
18.369847
18.719847
18.719847
0.000000
19.269847
19.269847
19.269847
19.269847
0.000000
0.000000
21.669847
21.669847
21.669847
0.000000
22.769847
22.769847
0.000000
23.319847
23.569847
23.569847
23.569847
23.569847
0.000000
25.069847
0.000000
25.069847
25.069847
25.069847
25.069847
25.069847
0.000000
0.000000
0.000000
28.269847
28.269847
28.269847
28.269847
28.269847
28.269847
0.000000
29.369847
29.369847
29.369847
29.369847
0.000000
0.000000
0.000000
32.119847
32.119847
32.119847
32.119847
32.119847
32.119847
32.369847
32.369847
32.369847
32.369847
32.369847
32.669847
0.000000
33.619847
33.619847
33.619847
33.619847
33.619847
33.619847
33.619847
33.619847
33.619847
33.619847
33.619847
33.619847
0.000000
34.569847
34.569847
34.569847
34.569847
0.000000
0.000000
36.619847
36.619847
36.619847
36.619847
36.719847
36.719847
0.000000
0.000000
38.919847
38.919847
38.919847
0.000000
38.919847
38.919847
38.919847
38.919847
39.919847
39.919847
0.000000
40.519847
40.519847
40.519847
0.000000
0.000000
42.119847
42.119847
42.519847
42.519847
42.519847
42.519847
0.000000
43.669847
43.669847
43.669847
0.000000
44.119847
44.119847
44.119847
44.669847
44.669847
44.669847
0.000000
45.919847
0.000000
0.000000
47.419847
47.419847
47.419847
47.969847
47.969847
47.969847
0.000000
47.969847
47.969847
48.069847
48.069847
47.969847
47.969847
47.969847
47.969847
47.969847
47.969847
47.969847
47.969847
0.000000
49.569847
49.669847
49.669847
49.669847
49.769847
49.769847
49.769847
49.769847
0.000000
50.119847
50.119847
50.119847
50.219847
50.319847
50.319847
0.000000
51.469847
51.469847
51.469847
51.469847
51.469847
51.469847
51.469847
0.000000
52.469847
52.469847
0.000000
53.569847
53.569847
53.619847
53.619847
53.619847
53.969847
53.969847
53.969847
53.969847
0.000000
54.419847
54.419847
54.419847
54.419847
0.000000
55.519847
0.000000
56.769847
0.000000
57.469847
57.469847
57.469847
57.469847
0.000000
58.719847
58.719847
58.719847
58.719847
58.919847
58.919847
59.019847
0.000000
59.019847
59.019847
0.000000
60.319847
60.319847
60.869847
60.869847
0.000000
61.069847
61.069847
61.619847
61.619847
0.000000
62.769847
62.769847
62.769847
0.000000
63.769847
63.769847
0.000000
64.369847
64.369847
64.369847
64.369847
64.369847
64.369847
0.000000
65.969847
0.000000
66.219847
66.219847
66.769847
66.769847
0.000000
67.319847
67.569847
67.569847
67.569847
67.569847
0.000000
68.424487
68.424487
68.424487
0.000000
69.469847
69.469847
69.569847
69.569847
69.569847
69.569847
69.569847
69.569847
69.569847
69.569847
70.019847
70.019847
0.000000
70.569847
0.000000
0.000000
72.174487
72.169847
72.169847
72.169847
72.174487
72.169847
72.269847
72.269847
72.269847
72.269847
0.000000
0.000000
74.319847
74.319847
74.319847
74.419847
74.419847
74.419847
0.000000
75.419847
75.669847
75.669847
75.669847
75.669847
0.000000
76.969847
76.969847
76.969847
76.969847
0.000000
0.000000
78.469847
78.469847
78.469847
78.469847
78.869847
78.869847
78.869847
0.000000
79.019847
79.019847
0.000000
80.474487
80.474487
0.000000
0.000000
82.369847
82.369847
82.369847
82.769847
82.769847
82.769847
82.919847
82.919847
82.919847
82.919847
82.919847
0.000000
83.219847
83.219847
83.219847
83.219847
83.219847
83.769847
83.769847
83.769847
83.969847
83.969847
83.969847
0.000000
84.369847
84.519847
84.519847
0.000000
85.069847
85.069847
85.619847
85.919847
85.919847
85.919847
85.069847
85.069847
0.000000
0.000000
87.769847
0.000000
88.319847
88.819847
0.000000
89.369847
89.369847
89.369847
0.000000
0.000000
91.369847
91.369847
91.369847
91.369847
91.519847
91.519847
91.519847
91.519847
92.069847
0.000000
92.069847
92.069847
92.069847
92.619847
92.619847
92.619847
93.047544
0.000000
93.047544
93.047544
93.047544
93.219847
93.219847
0.000000
94.219847
94.219847
94.219847
94.569847
94.569847
94.769847
0.000000
0.000000
0.000000
98.069847
98.069847
0.000000
98.069847
98.069847
98.069847
98.619847
98.619847
98.619847
0.000000
100.259864
102.574487
102.574487
102.574487
102.574487
104.219847
104.219847
104.219847
104.219847
104.769847
104.769847
105.569847
106.869847
106.869847
108.769847
