0.000000
0.000000
0.000000
0.000000
0.000000
0.000000
0.000000
0.000000
0.000000
0.000000
0.000000
0.000000
0.000000
0.000000
0.000000
0.000000
0.000000
0.000000
0.000000
0.000000
0.000000
0.000000
0.000000
0.000000
0.000000
0.000000
0.000000
0.000000
0.000000
0.000000
0.000000
0.000000
0.000000
0.000000
0.000000
0.000000
0.000000
0.000000
0.000000
0.000000
0.000000
0.000000
0.000000
0.000000
0.000000
0.000000
0.000000
0.000000
0.000000
0.000000
0.000000
0.000000
0.000000
0.000000
0.000000
0.000000
0.000000
0.000000
0.000000
0.000000
0.000000
0.000000
0.000000
0.000000
0.000000
0.000000
0.000000
0.000000
0.000000
0.000000
0.000000
0.000000
0.000000
0.000000
0.000000
0.000000
0.000000
0.000000
0.000000
0.000000
0.000000
0.000000
0.000000
0.000000
0.000000
0.000000
85.797817
85.811657
0.000000
86.333977
86.361657
86.375497
86.389337
86.403177
86.417017
86.430857
0.000000
88.017017
0.000000
0.000000
89.589337
89.617017
89.630857
89.644697
89.658537
0.000000
0.000000
0.000000
92.789337
92.817017
92.830857
92.900057
92.927737
92.941577
92.969257
92.983097
93.010777
93.038457
0.000000
0.000000
0.000000
0.000000
96.867017
96.880857
96.922377
96.950057
96.977737
97.005417
97.046937
97.060777
97.074617
97.088457
0.000000
97.116137
97.129977
97.171497
97.185337
97.199177
97.226857
97.333977
97.347817
97.417017
97.458537
97.472377
0.000000
0.000000
100.061657
100.075497
100.158537
100.186217
100.227737
100.241577
100.255417
102.294697
102.308537
104.430857
104.444697
104.472377
104.486217
104.500057
104.513897
104.527737
107.140610
107.154450
107.168290
110.557570
110.585250
110.654450
114.583977
