0.000000
0.000000
0.000000
0.000000
0.000000
0.000000
0.000000
0.000000
0.000000
0.000000
0.000000
0.000000
0.000000
0.000000
0.000000
0.000000
0.000000
0.000000
0.000000
0.000000
0.000000
0.000000
0.000000
0.000000
0.000000
0.000000
0.000000
0.000000
0.000000
0.000000
0.000000
0.000000
0.000000
0.000000
0.000000
0.000000
0.000000
0.000000
0.000000
0.000000
0.000000
0.000000
0.000000
0.000000
0.000000
0.000000
0.000000
0.000000
0.000000
0.000000
0.000000
0.000000
0.000000
0.000000
0.000000
0.000000
0.000000
0.000000
0.000000
0.000000
0.000000
0.000000
0.000000
0.000000
0.000000
0.000000
0.000000
0.000000
0.000000
0.000000
0.000000
0.000000
0.000000
0.000000
0.000000
0.000000
0.000000
0.000000
0.000000
0.000000
0.000000
0.000000
0.000000
0.000000
0.000000
0.000000
85.069847
85.069847
0.000000
86.319847
85.919847
85.919847
85.919847
85.069847
85.069847
86.319847
0.000000
87.919847
0.000000
0.000000
89.519847
88.819847
89.519847
89.369847
89.369847
0.000000
0.000000
0.000000
89.369847
92.719847
91.369847
91.519847
91.519847
92.069847
92.069847
92.069847
92.619847
92.619847
0.000000
0.000000
0.000000
0.000000
91.369847
91.369847
91.519847
96.769847
92.069847
92.619847
96.769847
93.047544
93.047544
93.047544
0.000000
93.219847
96.769847
94.219847
94.569847
94.569847
96.769847
85.619847
97.319847
94.219847
97.319847
97.319847
0.000000
0.000000
93.047544
94.769847
100.019847
98.069847
98.619847
98.619847
100.019847
98.069847
98.619847
102.574487
102.574487
102.574487
104.219847
104.219847
104.219847
104.219847
104.769847
104.769847
105.569847
91.369847
102.574487
106.869847
100.259864
