1.665106
3.565106
5.715106
10.965106
11.515106
12.065106
13.665106
15.265106
15.815106
16.315106
17.915106
20.065106
20.615106
24.365106
26.515106
30.015106
32.166093
33.765106
35.365106
36.965106
37.515106
38.065106
38.615106
40.515106
42.665106
43.215106
43.765106
47.515106
48.065106
51.815106
53.415106
55.015106
55.565106
56.115106
58.015106
58.565106
59.115106
59.665106
60.215106
63.965106
65.515106
66.065106
66.615106
68.515106
69.065106
69.615106
71.215106
73.115106
73.665106
75.815106
76.365106
77.965106
79.865106
83.615106
84.165106
86.315106
86.865106
88.465106
90.365106
92.515106
94.115106
97.615106
99.215106
101.115106
101.665106
102.215106
103.815106
105.965106
107.565106
108.115106
108.665106
110.265106
113.465106
116.965106
117.515106
119.665106
120.215106
122.365106
124.515106
126.665106
128.815106
130.415106
132.015106
132.565106
133.115106
133.665106
134.215106
135.815106
136.365106
136.915106
137.465106
139.615106
141.215106
141.765106
142.315106
143.915106
144.465106
146.065106
147.665106
149.265106
149.815106
151.415106
153.315106
153.865106
156.015106
156.565106
157.115106
162.465106
164.065106
165.665106
172.365106
172.915106
173.465106
174.015106
174.565106
175.115106
176.715106
177.265106
177.815106
178.365106
180.515106
181.065106
184.565106
186.715106
187.265106
187.815106
189.415106
189.965106
192.115106
192.665106
193.215106
193.765106
195.365106
196.965106
