1.129754
1.679754
2.229754
2.764954
3.314954
3.864954
4.414954
5.114954
6.714954
7.264954
8.864954
9.414954
9.964954
10.514954
11.151837
11.614954
12.164954
12.714954
13.264954
13.814954
14.364954
14.914954
15.464954
16.014954
16.564954
17.114954
17.664954
18.214954
18.764954
19.314954
19.864954
20.414954
20.964954
21.514954
22.064954
22.614954
23.164954
23.714954
24.264954
24.814954
25.364954
25.914954
26.464954
28.464954
29.014954
29.564954
30.114954
30.664954
31.214954
31.764954
32.314954
32.864954
33.414954
35.564954
36.114954
36.664954
37.214954
38.814954
39.364954
39.914954
40.464954
42.364954
44.514954
45.064954
45.614954
46.164954
46.714954
47.264954
49.414954
49.964954
50.514954
51.064954
51.614954
52.164954
54.314954
54.864954
55.414954
55.964954
56.514954
57.064954
57.614954
58.164954
58.714954
60.314954
60.864954
61.414954
61.964954
62.514954
63.064954
63.614954
64.164954
64.714954
65.264954
65.814954
67.414954
67.964954
68.529754
70.114954
70.664954
71.229754
71.779754
73.679754
74.229754
74.764954
75.314954
75.864954
76.414954
76.964954
78.564954
79.114954
79.664954
80.214954
80.764954
81.314954
81.864954
82.414954
82.964954
83.514954
85.664954
86.214954
87.814954
88.364954
88.914954
89.464954
90.014954
90.564954
91.114954
91.664954
92.214954
93.814954
95.714954
96.264954
96.814954
97.364954
97.914954
98.464954
99.014954
99.564954
100.114954
100.664954
101.214954
101.764954
102.314954
102.864954
103.414954
103.964954
104.514954
105.064954
105.614954
106.164954
106.714954
107.264954
107.814954
108.364954
108.914954
109.464954
110.014954
110.564954
112.714954
113.264954
113.814954
114.364954
114.914954
115.464954
116.014954
116.564954
117.114954
117.664954
118.214954
118.764954
119.314954
123.064954
123.614954
124.164954
124.714954
125.264954
125.814954
126.364954
126.914954
127.464954
128.014954
129.614954
131.514954
132.064954
132.614954
133.164954
133.714954
134.264954
134.814954
135.364954
137.514954
139.664954
140.214954
140.764954
142.914954
143.464954
144.014954
144.564954
145.114954
147.264954
147.814954
148.364954
148.914954
149.464954
150.014954
150.564954
152.714954
153.264954
153.814954
154.364954
154.914954
157.064954
157.614954
159.764954
160.314954
162.479754
163.014954
163.564954
164.114954
164.664954
165.214954
165.764954
166.314954
166.864954
168.464954
169.014954
169.564954
171.464954
172.014954
172.564954
173.114954
173.664954
174.214954
174.764954
175.314954
175.864954
176.414954
176.964954
177.514954
178.064954
178.614954
179.164954
179.714954
180.264954
180.814954
181.364954
181.914954
184.064954
186.214954
186.764954
188.364954
188.914954
189.464954
190.014954
190.564954
191.114954
192.714954
193.264954
193.814954
194.364954
194.914954
195.464954
196.014954
196.564954
197.114954
197.664954
198.214954
198.764954
