1.144706
1.694706
2.244706
2.794706
3.465106
4.015106
5.615106
6.165106
6.765715
7.265106
7.815106
9.415106
11.029906
11.579906
12.129906
12.679906
14.815106
16.415106
18.565106
20.465106
21.015106
22.615106
26.165106
26.815106
30.565106
32.515106
33.065106
34.679906
35.229906
35.779906
37.365106
39.279906
39.829906
41.415106
43.565106
47.065106
47.615106
48.165106
48.715106
50.315106
51.929906
52.479906
54.065106
55.665106
57.265106
57.815106
59.979906
61.565106
62.115106
63.715106
64.229906
64.779906
66.715106
67.265106
67.815106
68.365106
70.515106
72.115106
74.015106
74.565106
75.115106
75.665106
77.815106
79.965106
80.515106
81.065106
81.615106
82.165106
83.813106
85.715133
87.315106
92.444706
92.994706
93.529906
94.079906
94.629906
98.365106
100.515106
102.665106
104.265106
105.865106
108.015106
108.565106
110.165106
110.715106
112.615106
113.165106
115.315106
115.865106
117.465106
120.965106
122.565106
124.165106
124.715106
126.315106
126.865106
128.965106
132.515106
133.065106
135.215106
138.965106
139.515106
140.065106
141.665106
142.215106
142.765106
144.915106
145.465106
146.015106
146.565106
147.115106
148.715106
150.615106
151.165106
151.715106
152.265106
152.815106
153.365106
153.915106
159.265106
159.815106
161.965106
162.515106
163.065106
164.665106
165.215106
165.765106
166.315106
166.865106
168.465106
170.065106
171.665106
173.279906
175.165106
175.715106
176.265106
181.615106
182.165106
182.715106
183.265106
183.815106
184.365106
184.915106
190.265106
190.815106
191.365106
191.915106
194.065106
194.615106
195.165106
196.779906
197.315106
197.865106
198.415106
198.965106
