1.114954
1.664954
2.214954
2.764954
3.314954
3.864954
4.414954
4.964954
5.514954
6.064954
6.614954
7.164954
7.864954
8.414954
8.964954
9.514954
11.114954
11.664954
12.214954
13.814954
14.364954
16.214954
16.764954
17.314954
18.914954
19.464954
20.014954
21.614954
22.164954
22.714954
24.314954
25.914954
26.464954
27.014954
27.564954
28.114954
28.664954
29.214954
29.764954
30.314954
30.864954
31.414954
31.964954
32.514954
33.064954
33.614954
34.164954
34.714954
35.264954
35.814954
36.364954
36.914954
37.464954
38.014954
38.564954
39.114954
39.664954
40.214954
40.764954
41.314954
41.864954
42.414954
42.964954
43.514954
44.064954
44.614954
45.164954
45.714954
46.264954
46.814954
47.364954
47.914954
48.464954
49.014954
49.564954
50.114954
50.664954
51.214954
51.764954
52.314954
52.864954
53.414954
53.964954
54.514954
55.064954
55.614954
56.164954
56.714954
57.264954
57.814954
58.364954
58.914954
59.464954
60.014954
60.564954
62.464954
64.064954
64.614954
65.164954
65.714954
66.264954
66.814954
67.364954
67.914954
68.464954
69.014954
69.564954
71.464954
72.014954
72.564954
73.114954
73.664954
74.214954
74.764954
75.314954
75.864954
76.414954
76.964954
78.564954
79.114954
79.664954
80.214954
80.764954
81.314954
81.864954
82.414954
82.964954
83.514954
84.064954
84.614954
85.164954
85.714954
86.264954
88.164954
88.714954
89.264954
89.814954
90.364954
90.914954
91.464954
92.014954
92.564954
94.714954
95.264954
95.814954
96.364954
96.914954
97.464954
98.014954
98.564954
99.114954
99.664954
100.214954
100.764954
101.314954
101.864954
102.414954
102.964954
103.514954
105.664954
106.214954
106.764954
107.314954
108.914954
110.514954
111.064954
111.614954
112.164954
112.714954
113.264954
113.814954
114.364954
114.914954
115.464954
116.014954
116.564954
117.114954
117.664954
119.564954
120.114954
120.664954
121.214954
123.364954
123.914954
124.464954
125.014954
125.564954
126.114954
128.264954
128.814954
129.364954
131.514954
132.064954
132.614954
134.214954
134.764954
135.314954
135.864954
136.414954
136.964954
137.514954
138.064954
138.614954
139.164954
139.714954
140.264954
140.814954
141.364954
141.914954
142.464954
143.014954
143.564954
144.114954
144.664954
145.214954
145.764954
146.314954
146.864954
148.464954
149.014954
150.614954
151.164954
151.714954
152.264954
152.814954
154.414954
154.964954
155.514954
156.064954
156.614954
157.164954
159.314954
161.214954
161.764954
162.314954
163.914954
164.464954
165.014954
165.564954
166.114954
168.014954
168.564954
169.114954
170.714954
171.264954
171.814954
172.364954
172.914954
173.464954
174.014954
174.564954
175.114954
177.014954
177.564954
179.714954
180.264954
182.414954
182.964954
183.514954
184.064954
184.614954
185.164954
185.714954
186.264954
188.414954
188.964954
189.514954
190.064954
190.614954
191.164954
191.714954
193.314954
193.864954
194.414954
194.964954
195.514954
196.064954
196.614954
198.514954
199.064954
199.614954
