1.129906
1.679906
2.229906
3.315106
3.865106
5.765106
6.331629
6.915106
7.465106
11.165106
11.715106
12.265106
14.415106
18.165106
18.715106
20.315106
20.865106
22.765106
24.384092
26.037692
26.684572
27.065106
30.815106
32.365106
32.915106
34.815106
35.365106
37.515106
39.115106
39.665106
41.565106
43.715106
45.315106
46.915106
47.465106
48.015106
48.565106
52.065106
57.415106
57.965106
61.715106
63.865106
64.415106
64.965106
66.565106
67.115106
67.665106
68.215106
68.765106
70.365106
72.265106
73.865106
74.415106
74.965106
75.515106
77.665106
78.215106
79.815106
80.365106
80.915106
81.465106
82.015106
83.979906
85.565106
87.465106
89.065106
92.265106
92.815106
93.365106
93.915106
94.465106
95.015106
98.215106
98.765106
100.365106
100.915106
102.515106
107.615106
108.165106
110.315106
110.865106
112.465106
113.015106
113.565106
115.165106
115.715106
117.615106
119.215106
120.815106
124.315106
126.479906
128.615106
129.165106
130.765106
132.915106
133.465106
135.065106
135.615106
137.215106
138.815106
139.365106
139.915106
141.815106
142.365106
144.515106
145.065106
145.615106
146.165106
146.715106
148.865106
150.465106
151.015106
151.565106
152.115106
152.665106
153.215106
153.765106
154.315106
155.915106
157.515106
159.115106
159.665106
160.215106
162.365106
162.915106
164.815106
165.365106
165.915106
166.465106
173.415106
175.015106
175.565106
176.115106
176.665106
178.265106
179.865106
182.015106
182.565106
183.115106
183.665106
184.215106
184.765106
185.315106
188.515106
190.115106
190.665106
191.215106
191.765106
192.315106
194.465106
195.015106
196.915106
197.465106
198.015106
198.565106
