1.114954
1.664954
2.214954
3.814954
5.664954
6.214954
6.764954
7.314954
9.464954
10.014954
10.564954
11.114954
11.664954
12.214954
12.764954
13.314954
14.914954
15.464954
16.014954
16.564954
17.114954
17.664954
18.214954
18.764954
19.314954
19.864954
20.414954
20.964954
21.514954
22.064954
22.614954
23.164954
23.714954
24.264954
24.814954
25.364954
25.914954
26.464954
28.364954
28.914954
30.514954
31.064954
31.614954
32.114954
32.664954
33.214954
33.764954
34.314954
34.864954
35.414954
35.964954
36.514954
37.064954
37.614954
38.164954
38.714954
39.264954
39.814954
40.364954
42.314954
42.864954
43.414954
43.964954
44.514954
45.064954
45.614954
46.164954
46.714954
47.264954
48.864954
49.414954
49.964954
50.514954
51.064954
51.614954
52.164954
52.714954
53.264954
53.814954
54.364954
54.914954
55.464954
56.014954
56.564954
57.114954
57.664954
58.214954
58.764954
59.314954
59.864954
60.414954
60.964954
61.514954
62.064954
62.614954
63.164954
63.714954
64.214954
64.764954
65.314954
65.864954
66.414954
66.964954
67.514954
69.114954
69.664954
70.214954
70.764954
71.314954
71.864954
72.414954
72.964954
73.514954
74.064954
74.614954
75.164954
75.714954
76.264954
76.814954
77.364954
77.914954
78.464954
79.014954
79.564954
80.114954
80.664954
81.214954
81.764954
82.314954
82.864954
83.414954
83.964954
84.514954
85.064954
85.614954
86.164954
86.714954
87.264954
89.164954
89.714954
90.264954
91.864954
92.414954
92.964954
93.514954
94.064954
94.614954
95.164954
95.714954
97.314954
97.864954
98.415323
98.964954
99.514954
100.064954
100.614954
101.164954
101.714954
102.264954
102.814954
103.364954
103.914954
104.464954
105.014954
105.564954
106.114954
106.664954
107.214954
107.764954
108.314954
108.864954
109.414954
109.964954
110.514954
111.064954
111.614954
112.164954
112.714954
113.264954
113.814954
114.364954
114.914954
115.464954
116.014954
116.564954
117.114954
117.664954
118.214954
118.764954
119.314954
119.864954
120.414954
120.964954
121.514954
122.064954
122.614954
123.164954
123.714954
124.264954
124.814954
125.364954
125.914954
126.464954
127.014954
127.564954
128.114954
131.614954
132.164954
132.714954
133.264954
133.814954
134.364954
134.914954
135.464954
136.014954
136.564954
137.114954
138.714954
139.264954
139.814954
140.364954
140.914954
141.464954
142.014954
142.564954
143.114954
143.664954
144.214954
144.764954
145.314954
146.914954
147.464954
148.014954
148.564954
149.114954
149.664954
150.214954
150.764954
151.314954
151.864954
152.414954
152.964954
153.514954
154.064954
154.614954
155.164954
155.714954
156.264954
156.814954
157.364954
157.914954
158.464954
159.014954
159.564954
160.114954
160.664954
161.214954
161.764954
162.314954
162.864954
163.414954
163.964954
164.514954
165.064954
165.614954
166.164954
166.714954
167.264954
167.814954
168.364954
168.914954
169.464954
170.014954
170.564954
171.114954
171.664954
172.214954
172.764954
173.314954
173.864954
175.764954
176.314954
176.864954
177.414954
177.964954
178.514954
179.064954
179.614954
180.164954
180.714954
181.264954
182.864954
183.414954
183.964954
184.514954
185.064954
185.614954
186.164954
186.714954
190.214954
190.764954
191.314954
191.864954
192.414954
194.014954
194.564954
195.114954
195.664954
196.214954
196.764954
197.314954
197.864954
198.414954
198.964954
199.514954
