1.114954
1.664954
2.214954
2.764954
3.314954
3.864954
4.414954
4.964954
5.514954
6.064954
6.614954
7.714954
8.264954
8.814954
9.364954
11.264954
11.814954
13.964954
14.514954
16.064954
16.614954
17.164954
19.064954
19.614954
21.764954
22.314954
26.064954
26.614954
27.164954
27.714954
28.264954
28.814954
29.364954
29.914954
30.464954
31.014954
31.564954
32.114954
32.664954
33.214954
33.764954
34.314954
34.864954
35.414954
35.964954
36.514954
37.064954
37.614954
38.164954
38.714954
39.264954
39.814954
40.364954
40.914954
41.464954
42.014954
42.564954
43.114954
43.664954
44.214954
44.764954
45.314954
45.864954
46.414954
46.964954
47.514954
48.064954
48.614954
49.164954
49.714954
50.264954
50.814954
51.364954
51.914954
52.464954
53.014954
53.564954
54.114954
54.664954
55.214954
55.764954
56.314954
56.864954
57.414954
57.964954
58.514954
59.064954
59.614954
60.164954
60.714954
62.314954
64.214954
64.764954
65.314954
65.864954
66.414954
66.964954
67.514954
68.064954
68.614954
69.164954
69.714954
71.314954
71.864954
72.414954
72.964954
73.514954
74.064954
74.614954
75.164954
75.714954
76.264954
76.814954
78.714954
79.264954
79.814954
80.364954
80.914954
81.464954
82.014954
82.564954
83.114954
83.664954
84.214954
84.764954
85.314954
85.864954
86.414954
88.014954
88.564954
89.114954
89.664954
90.214954
90.764954
91.314954
91.864954
92.414954
92.964954
94.564954
95.114954
95.664954
96.214954
96.764954
97.314954
97.864954
98.414954
98.964954
99.514954
100.064954
100.614954
101.164954
101.714954
102.264954
102.814954
103.364954
103.914954
105.514954
106.064954
106.614954
107.164954
110.664954
111.214954
111.764954
112.314954
112.864954
113.414954
113.964954
114.514954
115.064954
115.614954
116.164954
116.714954
117.264954
117.814954
119.414954
119.964954
120.514954
121.064954
121.614954
123.214954
123.764954
124.314954
124.864954
125.414954
125.964954
126.514954
128.114954
128.664954
129.214954
129.764954
131.364954
131.914954
132.464954
134.364954
134.914954
135.464954
136.014954
136.564954
137.114954
137.664954
138.214954
138.764954
139.314954
139.864954
140.414954
140.964954
141.514954
142.064954
142.614954
143.164954
143.714954
144.264954
144.814954
145.364954
145.914954
146.464954
148.614954
150.764954
151.314954
151.864954
152.414954
154.564954
155.114954
155.664954
156.214954
156.764954
158.914954
159.464954
161.064954
161.614954
162.164954
164.064954
164.614954
165.164954
165.714954
166.264954
167.864954
168.414954
168.964954
170.864954
171.414954
171.964954
172.514954
173.064954
173.614954
174.164954
174.714954
175.264954
176.864954
177.414954
177.964954
180.114954
180.664954
182.264954
182.814954
183.364954
183.914954
184.464954
185.014954
185.564954
186.114954
186.664954
188.264954
188.814954
189.364954
189.914954
190.464954
191.014954
191.564954
193.464954
194.014954
194.564954
195.114954
195.664954
196.214954
196.764954
198.364954
198.914954
199.464954
