1.159506
1.815106
3.415106
3.979906
6.109506
7.665106
9.215106
10.815106
11.365106
11.915106
15.429906
15.979906
19.665106
20.215106
23.965106
24.515106
26.665106
28.265106
29.865106
30.415106
32.015106
37.115106
37.665106
38.215106
38.765106
40.365106
40.915106
43.065106
43.615106
44.165106
45.765106
47.379906
47.929906
48.479906
51.665106
55.165106
55.715106
56.265106
57.865106
58.415106
58.965106
59.515106
60.065106
60.615106
62.229906
65.665106
66.215106
66.765106
68.365106
68.915106
69.465106
71.365106
72.965106
73.515106
74.065106
75.665106
76.215106
78.129906
79.729906
80.279906
83.465106
84.015106
86.165106
86.715106
88.615106
90.229906
92.365106
94.265106
95.879906
99.365106
100.965106
101.515106
102.065106
103.979906
107.715106
108.265106
113.615106
115.215106
116.815106
117.365106
117.915106
119.515106
120.065106
122.229906
122.779906
124.365106
124.915106
127.079906
132.165106
132.715106
133.265106
133.815106
135.965106
136.515106
137.065106
137.615106
141.394706
141.944706
144.065106
149.415106
151.565106
153.165106
153.715106
155.879906
156.429906
156.979906
157.529906
159.115106
160.715106
162.329906
165.815106
170.615106
172.215106
172.765106
173.315106
173.865106
174.415106
174.965106
176.865106
177.415106
177.965106
180.115106
180.665106
181.215106
182.815106
184.415106
186.565106
187.115106
187.665106
189.565106
190.115106
192.279906
192.829906
193.365106
197.115106
