1.159354
1.709354
2.259354
2.914954
3.464954
4.014954
4.564954
5.114954
6.714954
7.264954
7.814954
8.364954
8.914954
9.479754
10.029754
10.579754
11.129754
11.679754
12.229754
12.779754
13.329754
13.864954
14.429754
16.314954
16.864954
17.414954
17.964954
18.514954
19.064954
19.614954
20.164954
20.714954
21.264954
21.814954
23.964954
24.514954
25.064954
25.614954
26.164954
26.726420
27.266792
28.864954
30.764954
31.314954
31.864954
32.414954
32.964954
33.514954
34.064954
34.614954
35.164954
35.714954
36.264954
36.814954
37.364954
37.914954
38.464954
39.014954
39.564954
40.114954
40.664954
41.214954
41.764954
43.914954
44.464954
45.014954
45.564954
46.114954
46.664954
48.814954
49.364954
49.914954
50.479754
51.014954
51.564954
52.114954
52.664954
53.214954
53.764954
54.314954
54.864954
55.414954
55.964954
56.514954
57.064954
57.614954
58.164954
58.714954
60.864954
61.414954
61.964954
62.514954
63.064954
63.614954
64.164954
64.714954
65.264954
65.814954
66.364954
67.964954
68.514954
69.064954
69.614954
70.164954
70.714954
71.264954
71.814954
73.729754
74.279754
74.829754
76.964954
77.514954
78.064954
78.614954
79.164954
79.714954
80.264954
80.814954
81.364954
81.914954
82.464954
83.014954
83.564954
84.114954
84.664954
85.214954
85.764954
86.314954
86.864954
87.414954
87.964954
88.514954
89.079754
89.614954
90.164954
90.714954
91.264954
91.814954
92.364954
92.914954
93.464954
95.064954
96.964954
97.514954
98.064954
98.615941
99.165941
99.714954
101.864954
102.414954
102.964954
103.514954
104.064954
104.614954
105.164954
105.714954
106.264954
106.814954
107.364954
107.914954
108.464954
109.014954
109.564954
110.114954
110.664954
111.214954
111.764954
112.314954
112.864954
113.414954
113.964954
114.514954
116.664954
117.214954
117.764954
118.314954
118.864954
119.414954
119.964954
120.514954
121.064954
121.614954
122.164954
122.729754
123.264954
123.814954
124.364954
124.914954
125.464954
126.014954
126.564954
127.114954
127.664954
128.214954
128.764954
129.314954
129.864954
130.414954
130.964954
131.514954
132.064954
132.614954
133.164954
133.714954
134.268717
134.818717
135.368717
135.918717
136.468717
137.018717
137.564954
139.729754
140.279754
140.829754
141.379754
141.929754
142.479754
143.029754
143.579754
144.129754
144.679754
145.229754
145.779754
147.364954
147.914954
148.464954
149.014954
149.564954
150.114954
150.664954
151.214954
151.764954
152.314954
152.864954
153.414954
153.964954
154.514954
155.064954
155.614954
156.164954
156.714954
157.264954
157.814954
159.414954
159.964954
160.514954
161.064954
161.614954
162.164954
162.714954
167.829754
168.379754
168.929754
169.479754
170.029754
170.579754
171.129754
171.679754
172.229754
172.779754
173.329754
173.879754
174.429754
174.964954
175.514954
176.064954
176.614954
177.164954
177.714954
178.279754
178.814954
179.364954
179.914954
180.464954
181.014954
181.564954
182.114954
182.664954
183.214954
185.379754
186.964954
188.864954
190.464954
191.014954
191.564954
192.114954
192.664954
193.214954
193.764954
194.314954
194.864954
195.414954
195.964954
196.514954
197.064954
197.614954
198.164954
