1.144554
1.694554
3.964954
5.544554
6.094554
6.644554
7.194554
7.729754
9.314954
9.864954
10.414954
10.964954
11.514954
12.064954
12.614954
13.164954
15.064954
15.614954
16.164954
16.714954
17.264954
17.814954
18.364954
18.929754
19.479754
20.029754
20.564954
21.114954
21.664954
22.214954
22.764954
23.314954
23.864954
24.414954
24.964954
25.514954
26.064954
26.614954
28.214954
28.764954
30.664954
31.214954
31.764954
32.314954
32.864954
33.414954
33.964954
34.514954
35.064954
35.614954
36.164954
36.714954
37.264954
37.814954
38.364954
38.914954
39.464954
40.014954
40.564954
42.164954
42.714954
43.264954
43.814954
44.364954
44.914954
45.464954
46.014954
46.564954
47.114954
49.029754
49.579754
50.129754
50.679754
51.229754
51.779754
52.329754
52.879754
53.429754
53.979754
54.529754
55.079754
55.629754
56.179754
56.729754
57.279754
57.829754
58.379754
58.929754
59.479754
60.029754
60.579754
61.129754
61.664954
62.214954
62.764954
63.314954
63.864954
64.414954
64.964954
65.514954
66.064954
66.614954
67.164954
69.264954
69.814954
70.364954
70.914954
71.479754
72.029754
72.579754
73.129754
73.679754
74.229754
74.779754
75.329754
75.879754
76.429754
76.979754
77.514954
78.064954
78.614954
79.164954
79.714954
80.264954
80.814954
81.364954
81.914954
82.464954
83.014954
83.564954
84.114954
84.664954
85.214954
85.764954
86.314954
86.864954
87.414954
89.014954
89.564954
90.114954
92.029754
92.579754
93.129754
93.664954
94.214954
94.764954
95.314954
97.479754
98.029754
98.579754
99.129754
99.679754
100.229754
100.779754
101.329754
101.879754
102.429754
102.979754
103.529754
104.079754
104.614954
105.164954
105.714954
106.264954
106.814954
107.364954
107.914954
108.464954
109.014954
109.564954
110.114954
110.664954
111.214954
111.764954
112.314954
112.864954
113.414954
113.964954
114.514954
115.064954
115.614954
116.164954
116.714954
117.264954
117.814954
118.364954
118.914954
119.464954
120.014954
120.564954
121.114954
121.664954
122.214954
122.764954
123.314954
123.864954
124.414954
124.964954
125.514954
126.064954
126.614954
127.164954
127.714954
128.279754
129.864954
132.029754
132.579754
133.129754
133.679754
134.244554
134.794554
135.344554
135.894554
136.444554
136.994554
138.864954
139.414954
139.964954
140.514954
141.064954
141.614954
142.164954
142.714954
143.264954
143.814954
144.364954
144.914954
147.064954
147.614954
148.164954
148.714954
149.264954
149.814954
150.364954
150.914954
151.464954
152.014954
152.564954
153.114954
153.664954
154.214954
154.764954
155.314954
155.864954
156.414954
156.964954
157.514954
158.064954
158.614954
159.164954
159.714954
160.264954
160.814954
161.364954
161.914954
162.464954
163.014954
163.564954
164.114954
164.664954
165.214954
165.764954
166.314954
166.864954
167.414954
167.964954
168.514954
169.064954
169.614954
170.164954
170.729754
171.279754
171.829754
172.379754
172.929754
173.479754
174.029754
175.614954
176.164954
176.714954
177.264954
177.814954
178.364954
178.914954
179.464954
180.014954
180.564954
181.114954
183.014954
183.564954
184.114954
184.664954
185.214954
185.764954
186.314954
186.864954
188.464954
190.079754
190.629754
191.179754
191.729754
192.264954
194.179754
194.729754
195.279754
195.829754
196.379754
196.929754
197.479754
198.029754
198.579754
199.129754
199.679754
