1.159354
1.709354
2.794554
3.344554
3.894554
4.444554
4.979754
6.864954
7.414954
7.964954
8.514954
9.064954
9.614954
10.164954
10.714954
11.264954
11.814954
12.364954
12.914954
13.464954
14.014954
14.564954
16.164954
16.714954
17.264954
17.814954
18.364954
18.914954
19.464954
20.014954
20.564954
21.114954
21.664954
22.229754
23.829754
24.379754
24.929754
25.464954
26.014954
26.564954
27.114954
29.029754
30.614954
31.164954
31.714954
32.264954
32.814954
33.364954
33.914954
34.464954
35.029754
35.579754
36.129754
36.679754
37.229754
37.764954
38.314954
38.864954
39.414954
39.964954
40.529754
41.079754
41.614954
42.164954
43.779754
44.329754
44.864954
45.414954
45.964954
46.514954
47.064954
48.664954
49.214954
49.764954
50.314954
50.864954
51.414954
51.964954
52.514954
53.064954
53.614954
54.164954
54.714954
55.264954
55.814954
56.364954
56.914954
57.464954
58.029754
58.579754
60.714954
61.264954
61.814954
62.379754
62.914954
63.464954
64.014954
64.564954
65.114954
65.664954
66.214954
68.114954
68.664954
69.214954
69.764954
70.314981
70.864954
71.414954
71.964954
73.564954
74.114954
74.664954
76.814954
77.364954
77.914954
78.464954
79.014954
79.564954
80.114954
80.664954
81.214954
81.764954
82.314954
82.864954
83.414954
83.964954
84.514954
85.064954
85.614954
86.164954
86.714954
87.264954
87.829754
88.379754
88.929754
89.479754
90.029754
90.579754
91.129754
91.679754
92.229754
92.764954
93.314954
95.214954
96.844554
97.394554
97.944554
98.494554
99.044554
99.594554
100.144554
101.714954
102.264954
102.814954
103.364954
103.914954
104.464954
105.014954
105.564954
106.114954
106.664954
107.214954
107.764954
108.314954
108.864954
109.414954
109.964954
110.514954
111.064954
111.614954
112.164954
112.729754
113.279754
113.829754
114.379754
114.929754
116.514954
117.064954
117.614954
118.164954
118.714954
119.264954
119.814954
120.364954
120.914954
121.479754
122.014954
122.564954
123.114954
123.664954
124.214954
124.764954
125.314954
125.864954
126.414954
126.964954
127.514954
128.064954
128.614954
129.164954
129.714954
130.264954
130.814954
131.364954
131.914954
132.464954
133.014954
133.564954
134.114954
134.664954
135.214954
135.764954
136.314954
136.864954
137.414954
137.964954
139.564954
140.114954
140.664954
141.229754
141.779754
142.329754
142.864954
143.414954
143.964954
144.514954
145.064954
145.614954
147.514954
148.064954
148.614954
149.164954
149.714954
150.264954
150.814954
151.364954
151.914954
152.464954
153.014954
153.564954
154.114954
154.664954
155.214954
155.764954
156.314954
156.864954
157.414954
159.564954
160.114954
160.664954
161.214954
161.764954
162.314954
162.864954
164.479754
166.064954
167.664954
168.214954
168.764954
169.314954
169.864954
170.414954
170.964954
171.514954
172.064954
172.614954
173.164954
173.714954
174.264954
174.814954
175.364954
175.914954
176.464954
177.014954
177.564954
178.114954
178.664954
179.214954
179.764954
180.314954
180.864954
181.414954
181.964954
182.514954
183.064954
183.614954
185.214954
187.114954
188.714954
190.614954
191.164954
191.714954
192.264954
192.814954
193.364954
193.914954
194.464954
195.014954
195.564954
196.114954
196.664954
197.214954
197.764954
198.314954
199.914954
