1.159354
1.709354
2.259354
2.809354
3.344554
3.894554
4.994554
6.864954
9.014954
9.564954
10.114954
10.664954
11.314954
11.864954
12.414954
12.964954
13.514954
14.064954
14.614954
15.164954
15.714954
16.264981
16.814954
17.364954
17.914954
18.464954
19.014954
19.564954
20.114954
20.664954
21.214954
21.779754
22.329754
22.879754
23.414954
23.964954
24.529754
25.064954
25.614954
26.179754
26.714954
28.314954
28.864954
29.414954
29.964954
30.514954
31.064954
31.614954
32.129754
32.679754
33.229754
35.364954
35.914954
36.464954
37.014954
38.964954
39.514954
40.064954
40.614954
42.214954
42.764954
44.364954
44.914954
45.479754
46.014954
46.564954
47.114954
47.664954
49.814954
50.364954
50.914954
51.464954
52.014954
52.564954
54.164954
54.714954
55.264954
55.814954
56.364954
56.914954
57.464954
58.014954
58.564954
60.464954
61.014954
61.579754
62.129754
62.664954
63.214954
63.764954
64.314954
64.864954
65.414954
67.564954
68.114954
70.264954
70.814954
71.364954
71.914954
73.529754
74.079754
74.629754
75.179754
75.729754
76.279754
76.829754
78.729754
79.279754
79.829754
80.379754
80.929754
81.479754
82.029754
82.579754
83.129754
85.279754
85.829754
87.964954
88.514954
89.064954
89.614954
90.164954
90.714954
91.264954
91.814954
93.964954
95.564954
96.114954
96.664954
97.214954
97.764954
98.314954
98.864954
99.414954
99.964954
100.529754
101.079754
101.614954
102.164954
102.714954
103.264954
103.814954
104.364954
104.914954
105.464954
106.014954
106.564954
107.114954
107.664954
108.214954
108.764954
109.314954
109.864954
110.414954
110.964954
112.564954
113.114954
113.664954
114.214954
114.764954
115.329754
115.879754
116.414954
116.964954
117.514954
118.064954
118.614954
119.164954
119.714954
121.314954
122.914954
123.464954
124.014954
124.564954
125.114954
125.664954
126.214954
126.764954
127.314954
127.864954
129.779754
131.379754
131.929754
132.479754
133.029754
133.564954
134.114954
134.664954
135.229754
135.779754
137.379754
137.914954
140.079754
140.614954
141.164954
142.779754
143.314954
143.864954
144.414954
144.964954
145.514954
147.129754
147.664954
148.214954
148.764954
149.314954
149.864954
150.414954
150.964954
153.114954
153.664954
154.214954
154.764954
155.314954
156.914954
157.464954
158.014954
159.614954
160.164954
160.714954
162.314954
162.864954
163.414954
163.964954
164.514954
165.064954
165.614954
166.164954
166.714954
168.614954
169.164954
169.714954
171.314954
171.864954
172.414954
172.964954
173.514954
174.064954
174.614954
175.179754
175.729754
176.279754
176.829754
177.364954
177.914954
178.464954
179.014954
179.579754
180.129754
180.679754
181.214954
181.764954
182.314954
183.929754
184.479754
186.064954
186.614954
188.514954
189.064954
189.614954
190.164954
190.714954
192.864954
193.414954
193.964954
194.514954
195.064954
195.614954
196.164954
196.714954
197.264954
197.814954
198.379754
