0.000000
0.000000
0.000000
0.000000
0.000000
0.000000
0.000000
0.000000
0.000000
0.000000
0.000000
0.000000
0.000000
0.000000
0.000000
0.000000
0.000000
16.573146
16.573146
16.573146
16.573146
0.000000
17.113866
17.118506
17.123146
17.127786
0.000000
18.213866
18.218506
18.223146
18.227786
0.000000
19.313866
19.318506
19.323146
19.327786
0.000000
20.413866
20.418506
20.423146
20.427786
0.000000
21.513866
21.518506
21.523146
21.527786
0.000000
22.613866
22.618506
22.623146
22.627786
0.000000
23.163866
23.168506
22.599149
23.177786
23.173146
22.613866
22.618506
23.723146
22.627786
23.149149
0.000000
24.263866
24.268506
23.163866
24.277786
23.168506
23.699149
23.177786
24.273146
24.273146
22.613866
22.618506
24.823146
22.627786
24.249149
24.249149
0.000000
25.363866
25.368506
24.263866
25.377786
24.268506
23.163866
24.277786
23.168506
24.799149
23.177786
25.373146
25.373146
25.373146
22.613866
22.618506
25.923146
22.627786
25.349149
25.349149
25.349149
0.000000
26.463866
25.363866
26.468506
26.477786
25.368506
24.263866
25.377786
24.268506
23.163866
24.277786
23.168506
25.899149
23.177786
26.473146
26.473146
26.473146
26.473146
0.000000
0.000000
0.000000
0.000000
0.000000
0.000000
0.000000
0.000000
0.000000
0.000000
0.000000
0.000000
0.000000
0.000000
0.000000
0.000000
0.000000
0.000000
0.000000
0.000000
46.823146
46.823146
46.823146
46.823146
0.000000
47.368506
47.373146
47.377786
47.363866
0.000000
48.468506
48.473146
48.477786
48.463866
0.000000
49.568506
49.573146
49.577786
49.563866
0.000000
50.118506
50.123146
50.127786
50.113866
0.000000
51.218506
51.223146
51.227786
51.213866
0.000000
0.000000
0.000000
0.000000
0.000000
56.723146
0.000000
57.268506
57.273146
57.277786
57.263866
57.277786
0.000000
58.368506
58.373146
58.377786
58.363866
0.000000
59.468506
59.473146
59.477786
59.463866
0.000000
60.568506
60.573146
60.577786
60.563866
0.000000
61.118506
61.123146
61.127786
61.113866
0.000000
0.000000
0.000000
0.000000
0.000000
0.000000
0.000000
0.000000
0.000000
0.000000
0.000000
0.000000
0.000000
0.000000
0.000000
0.000000
0.000000
0.000000
0.000000
0.000000
0.000000
82.568506
82.419643
82.424283
82.424283
82.424283
82.424283
82.424283
0.000000
82.534349
83.118506
83.668506
82.419643
82.424283
82.424283
82.424283
82.424283
83.519643
83.524283
0.000000
83.634349
83.634349
84.218506
84.218506
84.768506
82.419643
82.424283
82.424283
82.424283
82.424283
83.519643
83.524283
84.184349
84.619643
0.000000
84.734349
84.734349
85.318506
85.318506
85.318506
85.169643
85.868506
82.419643
82.424283
82.424283
82.424283
82.424283
83.519643
83.524283
85.284349
85.284349
85.669643
85.669643
0.000000
85.834349
85.834349
86.418506
86.418506
86.418506
85.169643
86.418506
86.219643
86.269643
86.968506
82.419643
82.424283
82.424283
82.424283
82.424283
83.519643
83.524283
86.384349
0.000000
86.384349
85.669643
85.669643
86.384349
0.000000
0.000000
0.000000
0.000000
91.927786
91.927786
91.927786
0.000000
92.463866
92.468506
92.473146
92.477786
0.000000
93.563866
93.568506
93.573146
93.577786
0.000000
94.113866
94.118506
94.123146
94.127786
0.000000
95.213866
95.218506
95.223146
95.227786
0.000000
96.313866
96.318506
96.323146
96.327786
0.000000
0.000000
0.000000
