0.000000
0.000000
0.000000
0.000000
0.000000
0.000000
0.000000
0.000000
0.000000
0.000000
0.000000
0.000000
0.000000
12.169643
12.134349
12.169643
12.169643
12.169643
12.219643
12.169643
12.169643
12.169643
12.269842
0.000000
13.269643
13.234349
13.819643
0.000000
14.369643
14.374283
14.334349
14.419842
0.000000
15.469643
15.434349
0.000000
16.219643
16.219643
16.569643
16.534349
0.000000
0.000000
0.000000
0.000000
0.000000
0.000000
0.000000
0.000000
0.000000
0.000000
0.000000
0.000000
0.000000
0.000000
0.000000
0.000000
0.000000
0.000000
0.000000
0.000000
0.000000
0.000000
0.000000
0.000000
0.000000
0.000000
42.369643
42.419643
42.384349
42.419643
42.419643
0.000000
43.519643
43.484349
43.719842
43.719842
0.000000
44.519643
44.519643
44.619643
44.584349
0.000000
45.169643
45.134349
45.319842
45.319842
45.619643
0.000000
46.169643
46.234349
46.819643
0.000000
0.000000
0.000000
0.000000
0.000000
0.000000
0.000000
0.000000
0.000000
0.000000
0.000000
0.000000
0.000000
0.000000
0.000000
0.000000
0.000000
0.000000
0.000000
0.000000
0.000000
0.000000
0.000000
0.000000
0.000000
0.000000
72.269842
72.569643
72.634349
0.000000
73.119643
73.184349
73.684443
73.684443
0.000000
74.234443
74.284349
74.419842
74.769643
74.969842
0.000000
75.324283
75.319643
75.384349
75.519842
0.000000
76.424283
76.419643
76.484349
0.000000
0.000000
0.000000
0.000000
0.000000
0.000000
82.419643
82.424283
82.424283
82.424283
82.424283
82.424283
82.534349
82.974283
0.000000
82.568506
82.419643
82.424283
82.424283
82.424283
82.424283
83.519643
83.524283
83.634349
83.634349
83.118506
0.000000
83.668506
82.419643
82.424283
82.424283
82.424283
82.424283
83.519643
83.524283
84.184349
84.619643
84.734349
84.734349
84.218506
84.218506
0.000000
85.169643
85.169643
84.768506
82.419643
82.424283
82.424283
82.424283
82.424283
83.519643
83.524283
85.284349
85.284349
85.669643
85.669643
85.834349
85.834349
85.318506
85.318506
85.318506
85.169643
0.000000
86.219643
86.269643
85.868506
82.419643
82.424283
82.424283
82.424283
82.424283
83.519643
83.524283
86.384349
86.384349
85.669643
85.669643
86.384349
86.934349
86.934349
86.418506
86.418506
86.418506
85.169643
86.418506
86.219643
0.000000
86.269643
87.469842
87.469842
87.469842
86.968506
82.419643
87.469842
82.424283
82.424283
82.424283
82.424283
83.519643
83.524283
87.484349
87.484349
87.484349
85.669643
85.669643
87.484349
87.819643
0.000000
88.169643
88.169643
88.369643
88.584349
89.069842
0.000000
89.069842
89.069842
89.139386
89.469643
89.819643
0.000000
90.234349
90.369643
90.569643
0.000000
91.334349
91.469643
91.669643
0.000000
0.000000
0.000000
0.000000
0.000000
0.000000
0.000000
0.000000
