0.000000
0.000000
0.000000
0.000000
0.000000
0.000000
0.000000
0.000000
0.000000
0.000000
0.000000
0.000000
0.000000
0.000000
0.000000
0.000000
0.000000
0.000000
0.000000
0.000000
0.000000
0.000000
0.000000
22.641677
0.000000
23.191677
23.205517
23.219357
23.233197
23.247037
23.741677
23.755517
23.769357
23.783197
23.797037
0.000000
24.291677
24.305517
24.319357
24.333197
24.347037
24.360877
24.841677
24.855517
24.869357
24.883197
24.897037
24.910877
24.924717
24.938557
24.952397
0.000000
25.391677
25.405517
25.419357
25.433197
25.447037
25.460877
25.474717
25.941677
25.955517
25.969357
25.983197
25.997037
26.010877
26.024717
26.038557
26.052397
26.066237
26.080077
26.093917
0.000000
26.107757
26.491677
26.505517
26.519357
26.533197
26.547037
26.560877
26.574717
26.588557
27.041677
27.055517
27.069357
27.083197
27.097037
0.000000
27.110877
27.124717
27.133627
27.138557
27.152397
27.166237
27.180077
27.193917
27.207757
27.221597
27.235437
27.249277
27.263117
27.591677
0.000000
28.233627
28.247467
28.691677
29.048427
0.000000
29.241677
0.000000
30.341677
30.583969
30.597809
30.611649
30.625489
30.633627
30.647467
30.683627
30.697467
0.000000
31.233627
31.441677
31.733627
0.000000
0.000000
0.000000
0.000000
0.000000
0.000000
0.000000
0.000000
0.000000
0.000000
0.000000
0.000000
0.000000
0.000000
0.000000
0.000000
0.000000
0.000000
0.000000
0.000000
0.000000
0.000000
0.000000
0.000000
0.000000
0.000000
0.000000
0.000000
0.000000
0.000000
0.000000
62.143727
62.241677
62.243584
62.398427
0.000000
63.333627
63.341677
63.483627
63.733969
0.000000
64.433627
64.441677
64.583627
64.798769
0.000000
65.133627
65.533731
65.541677
0.000000
66.233731
66.633731
66.641677
66.761649
0.000000
0.000000
0.000000
0.000000
0.000000
0.000000
0.000000
0.000000
0.000000
0.000000
0.000000
0.000000
0.000000
0.000000
0.000000
0.000000
0.000000
0.000000
0.000000
0.000000
0.000000
0.000000
0.000000
0.000000
0.000000
0.000000
0.000000
0.000000
0.000000
0.000000
0.000000
97.441677
97.508384
97.967795
0.000000
98.383969
98.397809
98.517795
98.541677
98.598427
0.000000
99.148427
99.617795
99.641677
105.897809
