0.000000
0.000000
0.000000
0.000000
0.000000
0.000000
0.000000
0.000000
0.000000
0.000000
0.000000
0.000000
0.000000
0.000000
0.000000
0.000000
0.000000
16.593517
16.607357
16.621197
16.635037
0.000000
17.127783
17.133512
17.137063
17.141703
0.000000
18.227783
18.233512
18.237063
18.241703
0.000000
19.327783
19.333512
19.337063
19.341703
0.000000
20.427783
20.433512
20.437063
20.441703
0.000000
21.527783
21.533512
21.537063
21.541703
0.000000
22.627783
22.633512
22.637063
22.641703
0.000000
23.177783
23.183512
23.187063
23.191703
23.200903
23.737063
23.750903
23.764743
23.778583
23.792423
0.000000
24.277783
24.283512
24.287063
24.291703
24.300903
24.314743
24.328583
24.342423
24.356263
24.837063
24.850903
24.864743
24.878583
24.892423
24.906263
0.000000
25.377783
25.383512
25.387063
25.391703
25.400903
25.414743
25.428583
25.442423
25.456263
25.470103
25.483943
25.497783
25.511623
25.937063
25.950903
25.964743
25.978583
25.992423
26.006263
26.020103
0.000000
26.478717
26.487063
26.488152
26.491703
26.500903
26.514743
26.528583
26.542423
26.556263
26.570103
26.583943
26.597783
26.611623
26.625463
26.639303
26.653143
26.666983
0.000000
0.000000
0.000000
0.000000
0.000000
0.000000
0.000000
0.000000
0.000000
0.000000
0.000000
0.000000
0.000000
0.000000
0.000000
0.000000
0.000000
0.000000
0.000000
0.000000
46.837063
46.850903
46.864743
46.878583
0.000000
47.383512
47.387063
47.391703
47.393517
0.000000
48.483512
48.487063
48.491703
48.493517
0.000000
49.583512
49.587063
49.591703
49.593517
0.000000
50.133512
50.137063
50.141703
50.143517
0.000000
51.233512
51.237063
51.241703
51.243517
0.000000
0.000000
0.000000
0.000000
0.000000
56.737063
0.000000
57.283512
57.287063
57.291703
57.293517
57.305543
0.000000
58.383512
58.387063
58.391703
58.393517
0.000000
59.483512
59.487063
59.491703
59.493517
0.000000
60.583512
60.587063
60.591703
60.593517
0.000000
61.132423
61.137063
61.141703
61.143517
0.000000
0.000000
0.000000
0.000000
0.000000
0.000000
0.000000
0.000000
0.000000
0.000000
0.000000
0.000000
0.000000
0.000000
0.000000
0.000000
0.000000
0.000000
0.000000
0.000000
0.000000
82.593517
82.607357
82.621197
82.635037
82.648877
82.662717
82.676557
0.000000
83.143517
83.171197
83.693517
83.707357
83.721197
83.735037
83.748877
83.762717
83.776557
83.790397
0.000000
84.232423
84.246263
84.260103
84.273943
84.782423
84.796263
84.810103
84.823943
84.837783
84.851623
84.865463
84.879303
84.893143
84.906983
0.000000
85.332423
85.346263
85.360103
85.373943
85.387783
85.415463
85.882423
85.896263
85.910103
85.923943
85.937783
85.951623
85.965463
85.979303
85.993143
86.006983
86.020823
86.034663
0.000000
86.432423
86.446263
86.460103
86.473943
86.487783
86.501623
86.515463
86.529303
86.543143
86.982423
86.996263
87.010103
87.023943
87.037783
87.051623
87.065463
87.079303
87.093143
0.000000
87.106983
87.120823
87.134663
87.148503
0.000000
0.000000
0.000000
0.000000
91.941703
91.955543
91.969383
0.000000
92.477783
92.482423
92.487063
92.491703
0.000000
93.577783
93.582423
93.587063
93.591703
0.000000
94.127783
94.132423
94.137063
94.141703
0.000000
95.227783
95.232423
95.237063
95.241703
0.000000
96.327783
96.332423
96.337063
96.341703
0.000000
0.000000
0.000000
