0.000000
0.000000
0.000000
0.000000
0.000000
0.000000
0.000000
0.000000
0.000000
0.000000
0.000000
0.000000
0.000000
0.000000
0.000000
0.000000
0.000000
0.000000
0.000000
0.000000
0.000000
0.000000
0.000000
22.599149
0.000000
22.613866
22.618506
22.623146
22.627786
23.149149
23.163866
23.168506
23.699149
23.177786
23.173146
0.000000
22.613866
22.618506
23.723146
22.627786
24.249149
24.249149
24.263866
24.268506
23.163866
24.277786
23.168506
24.799149
23.177786
24.273146
24.273146
0.000000
22.613866
22.618506
24.823146
22.627786
25.349149
25.349149
25.349149
25.363866
25.368506
24.263866
25.377786
24.268506
23.163866
24.277786
23.168506
25.899149
23.177786
25.373146
25.373146
0.000000
25.373146
22.613866
22.618506
25.923146
22.627786
26.449149
26.449149
26.449149
26.449149
26.463866
25.363866
26.468506
26.477786
25.368506
0.000000
24.263866
25.377786
27.119643
24.268506
23.163866
24.277786
23.168506
26.999149
23.177786
26.473146
26.473146
26.473146
26.473146
27.549149
0.000000
28.219643
28.219643
28.649149
29.034443
0.000000
29.199149
0.000000
30.299149
30.569842
30.569842
30.569842
30.569842
30.619643
30.619643
30.669643
30.669643
0.000000
31.219643
31.399149
31.719643
0.000000
0.000000
0.000000
0.000000
0.000000
0.000000
0.000000
0.000000
0.000000
0.000000
0.000000
0.000000
0.000000
0.000000
0.000000
0.000000
0.000000
0.000000
0.000000
0.000000
0.000000
0.000000
0.000000
0.000000
0.000000
0.000000
0.000000
0.000000
0.000000
0.000000
0.000000
62.119842
62.199149
62.219643
62.384443
0.000000
63.319643
63.299149
63.469643
63.719842
0.000000
64.419643
64.399149
64.569643
64.784642
0.000000
65.119643
65.519643
65.499149
0.000000
66.219643
66.619643
66.599149
66.719842
0.000000
0.000000
0.000000
0.000000
0.000000
0.000000
0.000000
0.000000
0.000000
0.000000
0.000000
0.000000
0.000000
0.000000
0.000000
0.000000
0.000000
0.000000
0.000000
0.000000
0.000000
0.000000
0.000000
0.000000
0.000000
0.000000
0.000000
0.000000
0.000000
0.000000
0.000000
97.399149
97.484443
97.953811
0.000000
98.369842
98.369842
98.503811
98.499149
98.584443
0.000000
99.134443
99.603811
99.599149
105.869842
