0.000000
0.000000
0.000000
0.000000
0.000000
0.000000
0.000000
0.000000
0.000000
0.000000
0.000000
0.000000
0.000000
0.000000
0.000000
0.000000
0.000000
0.000000
0.000000
0.000000
0.000000
0.000000
0.000000
0.000000
0.000000
0.000000
0.000000
0.000000
0.000000
0.000000
0.000000
0.000000
31.719643
0.000000
32.134443
32.134443
32.134443
32.419643
32.513949
0.000000
33.234443
33.519643
33.613949
0.000000
34.163949
34.619643
0.000000
35.169643
35.263949
35.369643
35.369643
0.000000
36.269643
36.363949
36.469643
0.000000
37.119842
37.119842
37.119842
37.119842
37.119842
37.369643
37.463949
0.000000
38.219842
38.469643
38.563949
38.769842
38.969643
38.969643
0.000000
39.113949
39.519643
39.569643
0.000000
40.119643
40.213949
40.369842
40.619643
0.000000
41.219643
41.313949
0.000000
0.000000
0.000000
0.000000
0.000000
0.000000
0.000000
0.000000
0.000000
0.000000
0.000000
0.000000
0.000000
0.000000
0.000000
0.000000
0.000000
0.000000
0.000000
0.000000
0.000000
0.000000
0.000000
0.000000
0.000000
0.000000
67.169466
67.569643
67.569643
66.619643
66.599149
66.719842
67.969643
0.000000
68.119643
68.119643
68.263949
68.369842
68.369842
68.534288
0.000000
69.363949
69.469842
69.619643
0.000000
70.169643
70.269643
70.269643
70.463949
0.000000
71.269643
71.369643
71.374330
71.374330
71.563949
0.000000
0.000000
0.000000
0.000000
0.000000
0.000000
0.000000
0.000000
0.000000
0.000000
0.000000
0.000000
0.000000
0.000000
0.000000
0.000000
0.000000
0.000000
0.000000
0.000000
0.000000
0.000000
0.000000
0.000000
0.000000
0.000000
0.000000
0.000000
