0.000000
0.000000
0.000000
0.000000
0.000000
0.000000
0.000000
0.000000
0.000000
0.000000
0.000000
0.000000
0.000000
12.183627
12.191677
12.197467
12.211307
12.225147
12.233627
12.238987
12.252827
12.266667
12.283969
0.000000
13.283627
13.291677
13.843584
0.000000
14.383627
14.388267
14.391677
14.443727
0.000000
15.483627
15.491677
0.000000
16.247467
16.261307
16.583627
16.591677
0.000000
0.000000
0.000000
0.000000
0.000000
0.000000
0.000000
0.000000
0.000000
0.000000
0.000000
0.000000
0.000000
0.000000
0.000000
0.000000
0.000000
0.000000
0.000000
0.000000
0.000000
0.000000
0.000000
0.000000
0.000000
0.000000
42.393584
42.433627
42.441677
42.447467
42.461307
0.000000
43.533627
43.541677
43.733969
43.747809
0.000000
44.533627
44.547467
44.633627
44.641677
0.000000
45.183627
45.191677
45.361649
45.375489
45.633627
0.000000
46.183627
46.291677
46.833627
0.000000
0.000000
0.000000
0.000000
0.000000
0.000000
0.000000
0.000000
0.000000
0.000000
0.000000
0.000000
0.000000
0.000000
0.000000
0.000000
0.000000
0.000000
0.000000
0.000000
0.000000
0.000000
0.000000
0.000000
0.000000
0.000000
72.283969
72.593584
72.691677
0.000000
73.148224
73.241677
73.698427
73.712267
0.000000
74.248427
74.341677
74.433969
74.793584
74.983969
0.000000
75.338267
75.343584
75.441677
75.533969
0.000000
76.438267
76.443584
76.541677
0.000000
0.000000
0.000000
0.000000
0.000000
0.000000
82.433627
82.438267
82.452107
82.465947
82.479787
82.493627
82.591677
82.988267
0.000000
83.141677
83.155517
83.183197
83.197037
83.210877
83.224717
83.533627
83.538267
83.691677
83.705517
83.719357
0.000000
84.241677
84.255517
84.269357
84.283197
84.297037
84.310877
84.324717
84.338557
84.352397
84.633627
84.791677
84.805517
84.819357
84.833197
0.000000
85.183627
85.197467
85.341677
85.355517
85.369357
85.383197
85.397037
85.410877
85.424717
85.438557
85.452397
85.480077
85.683627
85.697467
85.891677
85.905517
85.919357
85.933197
85.947037
85.960877
0.000000
86.233627
86.283627
86.441677
86.455517
86.469357
86.483197
86.497037
86.510877
86.524717
86.538557
86.552397
86.566237
86.580077
86.593917
86.607757
86.991677
87.005517
87.019357
87.033197
87.047037
87.060877
87.074717
87.088557
0.000000
87.102397
87.493727
87.521407
87.535247
87.541677
87.555517
87.562927
87.569357
87.583197
87.597037
87.610877
87.624717
87.638557
87.652397
87.666237
87.680077
87.693917
87.707757
87.721597
87.843584
0.000000
88.183627
88.197467
88.393584
88.641677
89.093727
0.000000
89.107567
89.121407
89.191677
89.493584
89.833627
0.000000
90.291677
90.383731
90.593584
0.000000
91.391677
91.483627
91.707424
0.000000
0.000000
0.000000
0.000000
0.000000
0.000000
0.000000
0.000000
