0.000000
0.000000
0.000000
0.000000
0.000000
0.000000
0.000000
6.219643
6.219643
6.219643
6.219643
6.219643
6.219643
6.219643
6.653728
6.653728
6.649066
6.653728
6.649066
6.653728
6.649066
6.653728
6.649066
6.653728
6.649066
6.653728
6.649066
6.649066
6.769643
0.000000
7.199066
7.738928
0.000000
8.274211
8.269549
0.000000
9.374211
9.369549
9.469643
9.469643
9.469643
0.000000
10.469549
10.569643
10.969842
10.969842
10.969842
10.969842
10.969842
10.969842
10.969842
0.000000
10.969842
11.119643
11.269643
11.269643
11.569549
0.000000
0.000000
0.000000
0.000000
0.000000
0.000000
0.000000
0.000000
0.000000
0.000000
0.000000
0.000000
0.000000
0.000000
0.000000
0.000000
0.000000
0.000000
0.000000
0.000000
0.000000
0.000000
0.000000
0.000000
0.000000
0.000000
0.000000
0.000000
0.000000
0.000000
0.000000
0.000000
0.000000
0.000000
0.000000
0.000000
0.000000
0.000000
0.000000
0.000000
0.000000
52.169643
52.269549
52.469643
0.000000
53.269643
53.369549
53.434336
53.434336
53.569643
0.000000
54.119643
54.369643
54.469549
0.000000
55.219643
55.469643
55.574259
55.569549
0.000000
56.124259
56.124259
56.119549
56.319643
0.000000
0.000000
0.000000
0.000000
0.000000
0.000000
0.000000
0.000000
0.000000
0.000000
0.000000
0.000000
0.000000
0.000000
0.000000
0.000000
0.000000
0.000000
0.000000
0.000000
76.824283
0.000000
77.369643
77.569549
77.969842
0.000000
78.134266
78.469643
78.719643
0.000000
79.219549
79.269643
79.269643
79.869842
0.000000
80.119643
80.119643
80.319549
80.369643
0.000000
81.219643
81.419549
81.469643
0.000000
0.000000
0.000000
0.000000
0.000000
0.000000
0.000000
0.000000
0.000000
0.000000
0.000000
0.000000
0.000000
0.000000
0.000000
0.000000
0.000000
0.000000
