1.114954
1.664954
2.214954
2.764954
3.314954
3.864954
4.414954
4.964954
5.514954
6.064954
6.614954
8.164954
8.714954
9.264954
9.814954
10.364954
10.914954
11.464954
12.014954
12.564954
13.114954
13.664954
14.214954
14.764954
16.314954
16.864954
17.414954
17.964954
18.514954
19.064954
19.614954
20.164954
20.714954
21.264954
21.814954
22.364954
22.914954
23.464954
24.014954
24.564954
25.114954
25.664954
26.214954
26.764954
27.314954
27.864954
28.414954
28.964954
29.514954
30.064954
30.614954
31.164954
31.714954
32.264954
33.864954
34.414954
34.964954
35.514954
36.064954
36.614954
37.164954
37.714954
38.264954
38.814954
39.364954
39.914954
40.464954
41.014954
41.564954
42.114954
42.664954
43.214954
43.764954
44.314954
44.864954
45.414954
45.964954
46.514954
47.064954
47.614954
48.164954
49.764954
51.664954
52.214954
52.764954
53.314954
53.864954
54.414954
54.964954
55.514954
56.064954
56.614954
57.164954
57.714954
58.264954
58.814954
59.364954
59.914954
60.464954
61.014954
61.564954
63.714954
64.264954
64.814954
65.364954
65.914954
66.464954
67.014954
67.564954
68.114954
68.664954
70.814954
71.364954
71.914954
72.464954
73.014954
73.564954
74.114954
74.664954
75.214954
75.764954
76.314954
76.864954
77.414954
77.964954
80.114954
80.664954
81.214954
81.764954
82.314954
82.864954
85.014954
85.564954
86.114954
86.664954
87.214954
87.764954
89.364954
89.914954
90.464954
91.014954
92.914954
93.464954
95.614954
97.214954
100.714954
101.264954
101.814954
102.364954
102.914954
105.064954
105.614954
106.164954
106.714954
107.264954
109.414954
109.964954
110.514954
111.064954
111.614954
112.164954
112.714954
113.264954
113.814954
114.364954
114.914954
115.464954
116.014954
116.564954
117.114954
117.664954
118.214954
118.764954
119.314954
119.864954
122.014954
122.564954
123.114954
124.714954
125.264954
126.864954
127.414954
127.964954
129.864954
130.414954
130.964954
131.514954
132.064954
132.614954
133.164954
133.714954
134.264954
134.814954
136.964954
137.514954
139.664954
140.214954
141.814954
142.364954
142.914954
143.464954
144.014954
144.564954
145.114954
145.664954
146.214954
146.764954
147.314954
147.864954
149.464954
150.014954
150.564954
151.114954
151.664954
152.214954
152.764954
153.314954
153.864954
154.414954
154.964954
155.514954
156.064954
156.614954
157.164954
157.714954
158.264954
160.164954
160.714954
161.264954
161.814954
162.364954
163.964954
164.514954
166.414954
166.964954
167.514954
168.064954
168.614954
169.164954
169.714954
170.264954
170.814954
171.364954
171.914954
172.464954
173.014954
173.564954
175.714954
176.264954
176.814954
177.364954
177.914954
178.464954
179.014954
179.564954
180.114954
180.664954
181.214954
181.764954
182.314954
182.864954
183.414954
183.964954
186.114954
186.664954
187.214954
187.764954
188.314954
188.864954
189.414954
191.564954
193.164954
193.714954
194.264954
194.814954
195.364954
195.914954
196.464954
197.014954
197.564954
198.114954
198.664954
199.214954
199.764954
