1.144554
1.694554
3.964954
5.544554
6.094554
6.644554
7.179754
7.729754
8.279754
8.829754
9.379754
11.264954
13.414954
13.964954
14.514954
15.064954
15.614954
16.164954
17.764954
18.314954
18.864954
19.414954
19.964954
20.514954
21.064954
21.614954
22.164954
22.714954
24.314954
24.864954
25.414954
25.964954
26.514954
27.064954
27.614954
28.164954
28.714954
29.264954
29.814954
30.364954
30.914954
31.464954
32.014954
32.564954
33.114954
33.664954
34.214954
34.764954
35.314954
35.864954
36.414954
36.964954
37.514954
38.064954
38.614954
39.164954
39.714954
40.264954
40.814954
41.364954
41.914954
42.464954
43.014954
43.564954
44.114954
46.014954
46.564954
47.114954
47.664954
48.214954
48.764954
49.314954
51.464954
52.014954
52.564954
53.114954
53.664954
54.214954
54.764954
55.314954
55.864954
56.414954
56.964954
57.514954
58.064954
58.614954
59.164954
59.714954
60.264954
60.814954
61.364954
61.914954
62.464954
63.014954
63.564954
64.114954
64.664954
65.214954
65.764954
66.314954
66.864954
67.414954
67.964954
68.514954
69.064954
69.614954
70.164954
70.714954
71.264954
71.814954
72.364954
72.914954
73.464954
74.014954
74.564954
75.114954
75.664954
76.214954
76.764954
77.314954
77.864954
78.414954
78.964954
79.514954
80.064954
80.614954
81.164954
81.714954
82.264954
82.814954
83.364954
83.914954
84.464954
86.614954
87.164954
87.714954
88.264954
90.364954
90.914954
91.464954
92.014954
92.564954
93.114954
95.264954
96.864954
97.414954
97.964954
98.514954
99.064954
99.614954
100.164954
100.729754
101.279754
101.829754
102.379754
102.929754
103.479754
104.014954
104.564954
105.114954
105.664954
106.214954
106.764954
107.314954
107.864954
108.414954
108.964954
109.514954
110.064954
110.614954
111.164954
111.714954
112.264954
112.814954
113.364954
113.914954
114.464954
115.014954
115.564954
116.114954
116.664954
117.214954
117.764954
118.314954
118.864954
119.414954
119.964954
120.514954
121.064954
121.614954
122.164954
122.714954
123.264954
123.814954
124.364954
124.914954
125.464954
126.014954
126.564954
128.464954
129.014954
129.564954
130.114954
131.714954
132.264954
133.864954
134.414954
134.964954
135.514954
136.064954
136.614954
137.164954
137.714954
139.314954
140.914954
141.464954
142.014954
142.564954
143.114954
144.714954
145.264954
145.814954
146.364954
146.914954
147.464954
148.014954
148.564954
150.464954
151.014954
151.564954
153.714954
155.314954
155.864954
156.414954
156.964954
157.514954
158.064954
158.614954
159.164954
159.714954
160.264954
160.814954
161.364954
161.914954
162.464954
163.014954
163.564954
164.114954
164.664954
165.214954
165.764954
166.314954
166.864954
167.414954
169.314954
170.914954
171.464954
172.014954
172.564954
173.114954
173.664954
174.214954
174.764954
175.314954
175.864954
176.414954
176.964954
177.514954
178.064954
178.614954
179.164954
179.714954
180.264954
180.814954
181.364954
181.914954
182.464954
183.014954
183.564954
184.114954
184.664954
185.214954
185.764954
186.314954
186.864954
188.464954
189.014954
189.564954
190.114954
190.664954
191.214954
191.764954
192.314954
192.864954
193.414954
193.964954
194.514954
195.064954
195.614954
196.164954
197.764954
198.314954
198.864954
199.414954
199.964954
