1.159283
1.709283
2.259283
2.809283
3.359283
3.909283
4.459283
5.009283
5.559283
6.109283
6.659283
7.209283
7.759283
8.309283
8.859283
9.409283
9.959283
10.509283
11.059283
11.609283
12.159283
12.709283
13.259283
13.809283
14.359283
14.909283
15.459283
16.009283
16.559283
17.109283
17.659283
18.209283
18.759283
19.309283
19.859283
20.409283
20.959283
21.509283
22.059283
22.609283
23.159283
23.709283
24.259283
24.809283
25.359283
25.909283
26.459283
27.009283
27.559283
28.109283
28.659283
29.209283
29.759283
30.309283
30.859283
31.409283
31.959283
32.509283
33.059283
33.609283
34.159283
34.709283
35.259283
35.809283
36.359283
36.909283
37.459283
38.009283
38.559283
39.109283
39.659283
40.209283
40.759283
41.309283
41.859283
42.409283
42.959283
43.509283
44.059283
44.609283
45.159283
45.709283
46.259283
46.809283
47.359283
47.909283
48.459283
49.009283
49.559283
50.109283
50.659283
51.209283
51.759283
52.309283
52.859283
53.409283
53.959283
54.509283
55.059283
55.609283
56.159283
56.709283
57.259283
57.809283
58.359283
58.909283
59.459283
60.009283
60.559283
61.109283
61.659283
62.209283
62.759283
63.309283
63.859283
64.409283
64.959283
65.509283
66.059283
66.609283
67.159283
67.709283
68.259283
68.809283
69.359283
69.909283
70.459283
71.009283
71.559283
72.109283
72.659283
73.209283
73.759283
74.309283
74.859283
75.409283
75.959283
76.509283
77.059283
77.609283
78.159283
78.709283
79.259283
79.809283
80.359283
80.909283
81.459283
82.009283
82.559283
83.109283
83.659283
84.209283
84.759283
85.309283
85.859283
86.409283
86.959283
87.509283
88.059283
88.609283
89.159283
89.709283
90.259283
90.809283
91.359283
91.909283
92.459283
93.009283
93.559283
94.109283
94.659283
95.209283
95.759283
96.309283
96.859283
97.409283
97.959283
98.509283
99.059283
99.609283
100.159283
100.709283
101.259283
101.809283
102.359283
102.909283
103.459283
104.009283
104.559283
105.109283
105.659283
106.209283
106.759283
107.309283
107.859283
108.409283
108.959283
109.509283
110.059283
110.609283
111.159283
111.709283
112.259283
112.809283
113.359283
113.909283
114.459283
115.009283
115.559283
116.109283
116.659283
117.209283
117.759283
118.309283
118.859283
119.409283
119.959283
120.509283
121.059283
121.609283
122.159283
122.709283
123.259283
123.809283
124.359283
124.909283
125.459283
126.009283
126.559283
127.109283
127.659283
128.209283
128.759283
129.309283
129.859283
130.409283
130.959283
131.509283
132.059283
132.609283
133.159283
133.709283
134.259283
134.809283
135.359283
135.909283
136.459283
137.009283
137.559283
138.109283
138.659283
139.209283
139.759283
140.309283
140.859283
141.409283
141.959283
142.509283
143.059283
143.609283
144.159283
144.709283
145.259283
145.809283
146.359283
146.909283
147.459283
148.009283
148.559283
149.109283
149.659283
150.209283
150.759283
151.309283
151.859283
152.409283
152.959283
153.509283
154.059283
154.609283
155.159283
155.709283
156.259283
156.809283
157.359283
157.909283
158.459283
159.009283
159.559283
160.109283
160.659283
161.209283
161.759283
162.309283
162.859283
163.409283
163.959283
164.509283
165.059283
165.609283
166.159283
166.709283
167.259283
167.809283
168.359283
168.909283
169.459283
170.009283
170.559283
171.109283
171.659283
172.209283
172.759283
173.309283
173.859283
174.409283
174.959283
175.509283
176.059283
176.609283
177.159283
177.709283
178.259283
178.809283
179.359283
179.909283
180.459283
181.009283
181.559283
182.109283
182.659283
183.209283
183.759283
184.309283
184.859283
185.409283
185.959283
186.509283
187.059283
187.609283
188.159283
188.709283
189.259283
189.809283
190.359283
190.909283
191.459283
192.009283
192.559283
193.109283
193.659283
194.209283
194.759283
195.309283
195.859283
196.409283
196.959283
197.509283
198.059283
198.609283
199.159283
199.709283
