1.159354
1.709354
2.259354
2.809354
3.344554
3.894554
4.994554
7.114954
7.664954
8.164954
8.714954
9.264954
9.814954
10.364954
10.914954
11.464954
12.014954
12.564954
13.114954
13.664954
14.214954
14.764954
15.314954
15.879754
16.429754
16.979754
17.514954
18.064954
20.014954
21.614954
22.164954
24.314954
24.864954
25.414954
25.964954
27.864954
28.414954
30.564954
31.114954
31.664954
32.214954
32.764954
33.314954
33.864954
34.414954
34.964954
35.514954
36.064954
36.614954
37.164954
38.764954
39.314954
39.864954
40.414954
40.979754
41.529754
42.079754
42.614954
43.164954
43.714954
44.264954
44.814954
45.364954
45.914954
46.464954
48.064954
48.614954
49.164954
49.714954
50.264954
50.814954
51.364954
51.914954
52.464954
54.064954
54.614954
56.214954
56.764954
57.314954
57.864954
58.414954
58.964954
59.514954
60.064954
60.629754
61.179754
61.714954
62.264954
62.814954
63.364954
63.914954
64.464954
65.014954
65.564954
66.114954
66.664954
67.214954
67.764954
68.314954
68.864954
69.414954
69.964954
70.514954
71.064954
71.614954
72.164954
72.714954
73.264954
73.814954
75.964954
76.514954
77.064954
77.614954
78.164954
78.714954
79.264954
79.814954
80.364954
80.914954
81.464954
82.014954
82.564954
83.114954
83.664954
85.564954
86.114954
86.664954
87.214954
87.764954
88.329754
88.879754
90.464954
91.014954
91.564954
92.114954
92.664954
93.214954
93.764954
94.314954
94.864954
95.414954
95.964954
96.514954
98.414954
98.979754
99.514954
100.064954
102.229754
104.364954
104.929754
105.479754
106.029754
106.579754
107.129754
107.679754
108.214954
108.764954
109.314954
109.864954
110.414954
110.964954
111.514954
112.064954
112.629754
113.179754
113.729754
114.264954
114.814954
115.364954
115.914954
116.464954
117.014954
117.564954
118.114954
118.664954
119.214954
119.764954
120.314954
120.864954
121.414954
121.964954
122.514954
123.064954
123.614954
124.164954
124.714954
125.264954
125.814954
126.364954
126.914954
127.464954
128.014954
128.564954
129.114954
129.664954
130.214954
130.764954
131.314954
133.464954
134.014954
134.564954
135.114954
135.664954
136.214954
136.764954
137.314954
137.864954
138.414954
138.964954
140.564954
142.164954
142.714954
144.614954
146.764954
148.364954
148.914954
149.464954
150.014954
150.564954
152.464954
153.014954
153.564954
154.114954
154.664954
155.214954
155.779754
156.329754
156.879754
157.414954
159.029754
159.579754
160.129754
160.679754
161.214954
161.764954
162.314954
162.864954
163.414954
163.964954
164.514954
166.414954
166.964954
167.514954
168.064954
169.664954
170.214954
170.764954
171.314954
171.864954
172.414954
172.964954
173.514954
174.064954
174.614954
176.514954
177.064954
177.614954
178.164954
178.714954
179.279754
181.414954
181.964954
182.514954
183.064954
183.614954
184.164954
184.714954
185.264954
185.814954
186.364954
186.914954
187.464954
189.614954
190.164954
190.714954
191.264954
191.814954
192.364954
192.914954
193.464954
194.014954
196.164954
196.714954
197.264954
197.814954
198.364954
198.914954
199.464954
