1.665106
3.565106
5.715106
6.265106
6.815106
8.915106
9.465106
11.065106
12.665106
14.265106
14.815106
15.365106
15.915106
17.515106
19.115106
19.665106
20.215106
20.765106
21.315106
22.915106
23.465106
24.015106
24.565106
26.165106
27.765106
31.515106
35.015106
35.565106
36.115106
36.665106
37.215106
37.765106
38.315106
40.465106
41.015106
43.165106
44.765106
45.315106
46.915106
55.215106
55.765106
57.365106
57.915106
58.465106
59.015106
59.565106
63.065106
65.215106
66.815106
68.965106
72.715106
74.615106
76.765106
77.315106
77.865106
80.015106
80.565106
82.165106
82.715106
83.265106
85.165106
87.315106
87.865106
88.415106
88.965106
89.515106
91.665106
93.815106
94.365106
96.515106
100.265106
100.815106
102.965106
103.515106
105.665106
107.265106
107.815106
109.715106
110.265106
111.865106
112.415106
112.965106
113.515106
114.065106
114.615106
116.515106
118.115106
119.715106
121.615106
122.165106
122.715106
124.865106
125.415106
129.165106
129.715106
130.265106
130.815106
131.365106
133.515106
136.715106
143.415106
143.965106
144.515106
148.265106
150.415106
152.015106
153.915106
154.465106
155.015106
155.565106
156.115106
156.665106
157.215106
157.765106
159.915106
163.665106
164.215106
164.765106
165.315106
167.465106
169.065106
169.615106
171.765106
173.665106
174.215106
174.765106
175.315106
175.865106
177.465106
179.365106
179.915106
181.515106
182.065106
182.615106
186.115106
186.665106
187.215106
188.815106
189.365106
189.915106
190.465106
191.015106
192.615106
194.515106
196.665106
198.265106
