1.159354
1.709354
2.259354
2.914954
3.464954
4.014954
4.564954
5.114954
6.775700
7.264954
7.814954
8.364954
8.914954
9.464954
10.014954
10.564954
11.129754
11.679754
12.214954
12.764954
13.314954
13.864954
14.414954
16.364954
16.914954
17.464954
18.014954
18.564954
19.114954
19.664954
20.214954
20.764954
21.314954
21.864954
24.014954
27.779754
28.329754
28.879754
29.429754
29.979754
30.529754
31.079754
31.629754
32.179754
32.729754
33.279754
33.829754
34.379754
34.929754
35.479754
36.029754
37.614954
38.164954
38.714954
39.264954
39.814954
40.364954
40.914954
41.464954
42.014954
42.564954
43.114954
43.664954
44.214954
44.764954
45.314954
45.879754
46.429754
46.979754
47.529754
48.079754
48.644554
49.194554
49.729754
50.264954
50.814954
51.364954
51.914954
52.464954
53.014954
53.564954
54.114954
54.664954
55.214954
55.764954
56.314954
56.864954
57.414954
57.964954
58.514954
59.064954
59.614954
60.164954
60.714954
61.264954
61.814954
63.979754
64.479754
65.029754
65.579754
66.129754
66.679754
67.229754
67.779754
68.329754
70.264954
70.814954
71.364954
71.914954
72.464954
73.014954
73.564954
74.114954
74.664954
75.214954
75.764954
76.314954
76.864954
79.014954
80.614954
81.164954
81.714954
82.264954
82.814954
83.379754
83.914954
84.464954
85.014954
85.564954
87.164954
87.714954
88.264954
88.814954
89.364954
90.964954
91.514954
92.064954
92.614954
93.164954
93.714954
94.264954
94.814954
95.364954
95.914954
96.464954
97.029754
97.579754
98.129754
98.679754
100.564954
102.164954
102.714954
104.314954
104.864954
105.414954
105.964954
106.514954
108.114954
108.664954
109.214954
109.764954
110.314954
110.879754
111.429754
111.964954
112.514954
113.064954
113.614954
114.164954
114.714954
115.264954
115.814954
116.364954
116.914954
117.464954
118.014954
118.564954
119.114954
119.664954
120.214954
120.764954
122.364954
122.914954
123.464954
124.014954
124.564954
125.114954
125.664954
126.214954
126.764954
128.664954
129.214954
130.814954
131.364954
131.929754
132.479754
133.014954
133.564954
134.114954
134.664954
135.214954
135.764954
136.314954
136.864954
137.414954
137.964954
138.514954
139.064954
139.614954
140.164954
140.714954
141.264954
141.814954
142.364954
142.914954
143.464954
144.014954
144.564954
145.114954
146.714954
147.264954
147.814954
148.364954
148.914954
149.479754
150.014954
150.564954
151.114954
151.664954
152.214954
152.764954
154.364954
154.914954
155.479754
156.029754
156.579754
157.129754
157.679754
158.229754
158.779754
159.329754
159.879754
160.429754
160.979754
161.529754
163.114954
163.664954
164.214954
164.764954
165.314954
166.914954
167.464954
168.014954
169.614954
170.164954
170.714954
171.264954
171.814954
172.364954
172.914954
173.464954
174.014954
174.564954
175.114954
175.664954
176.214954
176.764954
177.314954
177.864954
178.414954
178.964954
179.514954
180.064954
180.614954
182.514954
183.064954
185.214954
185.764954
186.314954
186.864954
187.414954
187.964954
188.514954
189.064954
189.614954
190.164954
190.714954
191.264954
191.814954
192.364954
192.914954
193.464954
194.014954
194.564954
195.114954
195.664954
196.214954
196.764954
197.314954
197.864954
198.414954
198.964954
199.514954
