1.114954
1.664954
2.214954
2.764954
3.314954
3.864954
4.414954
4.964954
5.514954
6.064954
8.314954
8.864954
9.414954
9.964954
10.514954
11.064954
11.614954
12.164954
12.714954
13.264954
13.814954
14.364954
16.464954
17.014954
17.564954
18.114954
18.664954
19.214954
19.764954
20.314954
20.864954
21.414954
21.964954
22.514954
23.064954
23.614954
24.164954
24.714954
25.264954
25.814954
26.364954
26.914954
27.464954
28.014954
28.564954
29.114954
29.664954
30.214954
30.764954
31.314954
31.864954
34.014954
34.564954
35.114954
35.664954
36.214954
36.764954
37.314954
37.864954
38.414954
38.964954
39.514954
40.064954
40.614954
41.164954
41.714954
42.264954
42.814954
43.364954
43.914954
44.464954
45.014954
45.564954
46.114954
46.664954
47.214954
47.764954
49.914954
51.514954
52.064954
52.614954
53.164954
53.714954
54.264954
54.814954
55.364954
55.914954
56.464954
57.014954
57.564954
58.114954
58.664954
59.214954
59.764954
60.314954
60.864954
61.414954
61.964954
63.564954
64.114954
64.664954
65.214954
65.764954
66.314954
66.864954
67.414954
67.964954
68.514954
69.064954
70.664954
71.214954
71.764954
72.314954
72.864954
73.414954
73.964954
74.514954
75.064954
75.614954
76.164954
76.714954
77.264954
77.814954
78.364954
79.964954
80.514954
81.064954
81.614954
82.164954
82.714954
83.264954
84.864954
85.414954
85.964954
86.514954
87.064954
87.614954
89.514954
90.064954
90.614954
91.164954
92.764954
93.314954
93.864954
95.464954
97.364954
98.964954
100.564954
101.114954
101.664954
102.214954
102.764954
103.314954
104.914954
105.464954
106.014954
106.564954
107.114954
107.664954
109.264954
109.814954
110.364954
110.914954
111.464954
112.014954
112.564954
113.114954
113.664954
114.214954
114.764954
115.314954
115.864954
116.414954
116.964954
117.514954
118.064954
118.614954
119.164954
119.714954
120.264954
121.864954
122.414954
122.964954
124.864954
127.014954
127.564954
128.114954
129.714954
130.264954
130.814954
131.364954
131.914954
132.464954
133.014954
133.564954
134.114954
134.664954
135.214954
136.814954
137.364954
137.914954
139.514954
140.064954
141.964954
142.514954
143.064954
143.614954
144.164954
144.714954
145.264954
145.814954
146.364954
146.914954
147.464954
149.614954
150.164954
150.714954
151.264954
151.814954
152.364954
152.914954
153.464954
154.014954
154.564954
155.114954
155.664954
156.214954
156.764954
157.314954
157.864954
158.414954
160.014954
160.564954
161.114954
161.664954
162.214954
164.114954
164.664954
166.264954
166.814954
167.364954
167.914954
168.464954
169.014954
169.564954
170.114954
170.664954
171.214954
171.764954
172.314954
172.864954
173.414954
173.964954
175.564954
176.114954
176.664954
177.214954
177.764954
178.314954
178.864954
179.414954
179.964954
180.514954
181.064954
181.614954
182.164954
182.714954
183.264954
183.814954
185.964954
186.514954
187.064954
187.614954
188.164954
188.714954
189.264954
189.814954
191.414954
193.314954
193.864954
194.414954
194.964954
195.514954
196.064954
196.614954
197.164954
197.714954
198.264954
198.814954
199.364954
