1.129906
1.679906
2.229906
3.315106
3.865106
5.765106
6.315106
7.915106
8.429906
10.365106
11.965106
12.515106
14.115106
16.265106
16.815106
18.415106
20.015106
21.915106
24.065106
24.615106
25.165106
25.715106
27.315106
27.865106
28.415106
31.915106
32.465106
34.065106
35.665106
36.215106
36.765106
37.315106
39.215106
40.815106
41.365106
41.915106
43.515106
45.415106
48.629906
50.515106
51.065106
51.615106
52.165106
52.715106
54.865106
58.615106
60.765106
62.365106
65.865106
68.015106
70.165106
70.715106
71.265106
71.815106
72.365106
75.565106
79.065106
79.615106
81.765106
83.365106
84.965106
88.465106
90.065106
90.615106
91.165106
91.715106
92.265106
92.815106
93.365106
94.965106
96.565106
98.715106
99.265106
101.165106
103.315106
103.865106
104.415106
106.565106
108.165106
108.715106
109.265106
112.765106
113.315106
115.465106
116.015106
118.165106
118.715106
120.315106
120.865106
123.015106
124.915106
125.465106
127.065106
127.615106
128.165106
128.715106
130.315106
132.465106
134.065106
134.615106
136.515106
137.065106
138.665106
140.565106
142.179906
142.729906
146.215106
146.765106
147.315106
151.065106
151.615106
152.165106
155.915106
156.465106
158.615106
159.165106
159.715106
160.265106
164.015106
164.565106
166.715106
167.265106
167.815106
168.365106
169.965106
170.515106
172.115106
173.715106
174.265106
176.415106
176.965106
177.515106
180.715106
182.315106
183.915106
184.465106
185.015106
186.615106
187.165106
187.715106
189.865106
192.015106
193.615106
195.229906
195.779906
196.329906
196.865106
197.415106
199.029906
199.579906
