1.159506
1.815106
3.415106
3.979906
6.109506
6.659506
7.194706
9.315106
14.415106
14.965106
15.515106
19.279906
19.829906
20.379906
20.929906
23.065106
23.615106
24.165106
29.529906
33.265106
34.865106
35.415106
35.965106
36.515106
37.065106
37.615106
38.165106
38.715106
40.865106
41.415106
43.029906
44.915106
47.079906
48.665106
50.265106
53.465106
55.615106
57.529906
58.079906
58.629906
59.179906
61.315106
62.915106
65.065106
68.565106
69.115106
72.865106
74.465106
76.615106
77.165106
77.715106
78.265106
80.415106
82.329906
82.879906
83.429906
85.029906
85.579906
87.179906
87.729906
88.279906
88.829906
89.379906
89.929906
91.515106
92.065106
94.215106
96.365106
96.915106
98.529906
100.129906
100.679906
101.229906
102.815106
103.365106
103.915106
105.515106
107.415106
107.965106
109.565106
110.115106
112.015106
112.565106
113.115106
113.665106
114.215106
114.765106
116.365106
119.879906
121.465106
122.029906
122.579906
123.129906
125.279906
125.815106
127.429906
129.579906
130.129906
130.665106
131.215106
131.765106
136.865106
138.465106
140.065106
141.665106
143.265106
143.815106
144.365106
144.915106
148.115106
148.665106
150.265106
152.165106
153.765106
154.315106
154.865106
155.415106
155.965106
156.515106
157.065106
157.615106
158.165106
159.765106
160.315106
161.929906
163.515106
164.065106
164.615106
165.165106
165.715106
169.215106
169.765106
171.929906
173.515106
174.065106
174.615106
175.165106
175.729906
177.615106
179.215106
179.765106
181.665106
182.215106
184.365106
185.965106
186.515106
187.065106
188.965106
189.515106
190.065106
190.615106
192.765106
194.365106
194.915106
196.515106
198.415106
