1.144706
1.694706
2.244706
2.794706
3.465106
4.015106
5.615106
6.165106
8.065106
8.615106
10.215106
12.129906
14.265106
16.415106
20.165106
21.765106
22.315106
24.465106
25.015106
25.565106
27.479906
28.029906
28.579906
30.165106
31.765106
32.315106
35.815106
36.365106
36.915106
37.465106
39.079906
40.965106
41.515106
43.665106
45.265106
48.765106
50.365106
50.915106
51.465106
52.015106
52.565106
53.115106
54.715106
55.265106
56.865106
59.015106
60.615106
62.515106
64.129906
65.715106
66.265106
67.865106
70.015106
70.565106
71.115106
71.665106
72.215106
77.315106
78.915106
79.465106
80.015106
81.629906
85.115106
86.715106
88.315106
90.229906
90.779906
91.329906
91.879906
92.429906
92.979906
98.315106
98.865106
99.415106
101.015106
101.565106
103.165106
103.715106
104.265106
106.415106
108.315106
108.865106
111.015106
112.615106
113.165106
113.715106
115.329906
115.879906
116.429906
118.015106
118.565106
120.479906
122.615106
123.165106
124.765106
125.315106
127.215106
127.765106
128.315106
132.065106
134.229906
134.779906
136.365106
136.915106
138.815106
140.415106
142.315106
142.865106
144.465106
146.065106
146.615106
147.165106
147.715106
149.315106
150.915106
151.465106
152.015106
152.565106
154.165106
156.315106
156.865106
159.015106
159.565106
160.115106
160.665106
162.279906
163.865106
164.415106
164.965106
167.115106
167.665106
168.215106
170.129906
173.865106
174.415106
176.579906
177.129906
184.065106
184.615106
186.765106
187.315106
189.465106
191.615106
195.365106
195.915106
196.465106
197.015106
199.165106
199.715106
