1.129754
1.679754
2.229754
2.764954
3.314954
3.864954
4.414954
5.114954
7.264954
7.814954
8.364954
8.929754
9.479754
10.014954
10.564954
11.114954
11.664954
12.214954
12.764954
13.314954
13.864954
14.414954
14.964954
15.514954
16.064954
16.614954
17.164954
17.714954
18.264954
19.864954
21.764954
23.914954
24.464954
25.014954
25.564954
26.114954
27.714954
28.264954
28.814954
30.414954
30.964954
31.529754
32.064954
32.614954
33.164954
33.714954
34.264954
34.814954
35.364954
35.914954
36.464954
37.014954
38.914954
39.464954
40.014954
40.564954
41.114954
41.664954
42.214954
42.764954
43.314954
43.864954
44.414954
44.964954
45.514954
46.064954
48.214954
48.764954
49.314954
49.864954
50.429754
50.964954
51.514954
52.064954
54.214954
56.364954
56.914954
57.464954
58.014954
58.564954
59.114954
59.664954
60.214954
60.764954
61.314954
61.864954
62.414954
62.964954
63.514954
64.064954
64.614954
65.164954
65.714954
66.264954
66.829754
67.364954
67.914954
68.464954
69.014954
69.564954
70.114954
70.664954
71.214954
71.764954
72.314954
72.864954
73.414954
75.564954
76.114954
76.664954
77.214954
77.764954
78.314954
78.864954
79.414954
79.964954
80.514954
81.064954
81.614954
82.179754
82.729754
83.279754
83.829754
85.414954
85.964954
86.514954
87.064954
87.614954
88.164954
88.714954
90.614954
91.164954
91.714954
92.264954
92.814954
93.364954
93.914954
94.464954
95.014954
95.564954
96.114954
96.664954
98.264954
98.814954
99.364954
99.914954
100.464954
102.064954
102.614954
104.214954
104.764954
105.314954
105.864954
106.414954
106.964954
107.514954
108.064954
108.614954
109.164954
109.729754
110.279754
110.814954
111.364954
111.914954
112.464954
113.014954
113.564954
114.114954
114.664954
115.214954
115.764954
116.314954
116.864954
117.414954
117.964954
118.514954
119.064954
119.614954
120.164954
120.714954
121.264954
121.814954
122.364954
122.914954
123.464954
124.014954
124.564954
125.114954
125.664954
126.214954
126.764954
127.314954
127.864954
128.414954
128.964954
129.514954
130.064954
130.614954
131.164954
131.714954
133.314954
133.864954
134.414954
134.964954
135.514954
136.064954
136.614954
137.164954
137.714954
138.264954
138.814954
142.314954
142.864954
144.464954
145.014954
146.614954
148.514954
149.064954
149.614954
150.164954
150.714954
152.314954
152.864954
153.414954
153.964954
154.514954
155.064954
155.614954
156.164954
156.714954
157.264954
159.164954
159.714954
160.264954
160.814954
161.364954
161.914954
162.464954
163.014954
163.564954
164.114954
164.664954
166.264954
166.814954
167.364954
167.914954
169.814954
170.364954
170.914954
171.464954
172.014954
172.564954
173.114954
173.679754
174.229754
174.779754
176.364954
176.914954
177.479754
178.029754
178.564954
179.114954
179.664954
181.264954
181.814954
182.364954
182.914954
183.464954
184.014954
184.564954
185.114954
185.664954
186.214954
186.764954
187.314954
187.864954
189.464954
190.014954
190.564954
191.114954
191.664954
192.214954
192.764954
193.314954
193.864954
194.414954
196.014954
196.564954
197.114954
197.664954
198.214954
198.764954
199.314954
199.864954
