1.114954
1.664954
2.214954
3.814954
5.664954
6.214954
6.790500
7.314954
7.864954
8.414954
8.964954
9.514954
11.114954
11.664954
13.264954
13.814954
14.364954
14.914954
15.464954
16.014954
17.914954
18.464954
19.014954
19.564954
20.114954
20.664954
21.214954
21.764954
22.314954
24.464954
25.014954
25.564954
26.114954
26.664954
27.214954
27.764954
28.314954
28.864954
29.414954
29.964954
30.514954
31.064954
31.614954
32.164954
32.714954
33.264954
33.814954
34.364954
34.914954
35.464954
36.014954
36.564954
37.114954
37.664954
38.214954
38.764954
39.314954
39.864954
40.414954
40.964954
41.514954
42.064954
42.614954
43.164954
43.714954
44.264954
45.864954
46.414954
46.964954
47.514954
48.064954
48.614954
49.164954
49.714954
51.314954
51.864954
52.414954
52.964954
53.514954
54.064954
54.614954
55.164954
55.714954
56.264954
56.814954
57.364954
57.914954
58.464954
59.014954
59.564954
60.114954
60.664954
61.214954
61.764954
62.314954
62.864954
63.414954
63.964954
64.464954
65.014954
65.564954
66.114954
66.664954
67.214954
67.764954
68.314954
68.864954
69.414954
69.964954
70.514954
71.064954
71.614954
72.164954
72.714954
73.264954
73.814954
74.364954
74.914954
75.464954
76.014954
76.564954
77.114954
77.664954
78.214954
78.764954
79.314954
79.864954
80.414954
80.964954
81.514954
82.064954
82.614954
83.164954
83.714954
84.264954
86.414954
86.964954
87.514954
88.064954
88.614954
90.214954
90.764954
91.314954
91.864954
92.414954
92.964954
93.514954
95.114954
97.014954
97.564954
98.114954
98.664954
99.214954
99.764954
100.314954
100.864954
101.414954
101.964954
102.514954
103.064954
103.614954
104.164954
104.714954
105.264954
105.814954
106.364954
106.914954
107.464954
108.014954
108.564954
109.114954
109.664954
110.214954
110.764954
111.314954
111.864954
112.414954
112.964954
113.514954
114.064954
114.614954
115.164954
115.714954
116.264954
116.814954
117.364954
117.914954
118.464954
119.014954
119.564954
120.114954
120.664954
121.214954
121.764954
122.314954
122.864954
123.414954
123.964954
124.514954
125.064954
125.614954
126.164954
126.714954
128.314954
128.864954
129.414954
129.964954
131.864954
134.014954
134.564954
135.114954
135.664954
136.214954
136.764954
137.314954
141.064954
141.614954
142.164954
142.714954
144.864954
145.414954
145.964954
146.514954
147.064954
147.614954
148.164954
148.714954
150.314954
150.864954
151.414954
151.964954
153.564954
155.464954
156.014954
156.564954
157.114954
157.664954
158.214954
158.764954
159.314954
159.864954
160.414954
160.964954
161.514954
162.064954
162.614954
163.164954
163.714954
164.264954
164.814954
165.364954
165.914954
166.464954
167.014954
167.564954
169.164954
171.064954
171.614954
172.164954
172.714954
173.264954
173.814954
174.364954
174.914954
175.464954
176.014954
176.564954
177.114954
177.664954
178.214954
178.764954
179.314954
179.864954
180.414954
180.964954
181.514954
182.064954
182.614954
183.164954
183.714954
184.264954
184.814954
185.364954
185.914954
186.464954
188.614954
189.164954
189.714954
190.264954
190.814954
191.364954
191.914954
192.464954
193.014954
193.564954
194.114954
194.664954
195.214954
195.764954
197.914954
198.464954
199.014954
199.564954
