1.159354
1.709354
2.794554
3.344554
3.894554
4.444554
4.979754
6.914954
7.464954
8.014954
8.564954
9.114954
9.664954
10.214954
10.764954
11.314954
11.864954
12.414954
12.964954
13.514954
14.064954
14.614954
16.214954
16.764954
17.314954
17.864954
18.414954
18.964954
19.514954
20.064954
20.614954
21.164954
21.714954
22.264954
23.864954
24.414954
26.014954
27.614954
28.164954
28.714954
29.264954
29.814954
30.364954
30.914954
31.464954
32.014954
32.564954
33.129754
33.679754
34.214954
34.764954
35.314954
35.864954
37.779754
38.329754
38.879754
39.414954
39.964954
40.514954
41.064954
41.614954
42.164954
42.714954
43.264954
43.814954
44.364954
44.914954
45.464954
46.014954
46.564954
47.114954
47.664954
48.229754
48.779754
49.329754
49.879754
50.444554
50.979754
51.529754
52.079754
52.629754
53.164954
53.714954
54.264954
54.814954
55.364954
55.914954
56.464954
57.014954
57.564954
58.114954
58.664954
59.214954
59.764954
60.314954
60.864954
61.414954
61.964954
64.114954
64.679754
65.229754
65.764954
66.314954
66.864954
67.414954
67.964954
68.514954
70.129754
70.679754
71.229754
71.779754
72.329754
72.879754
73.429754
73.979754
74.514954
75.064954
75.614954
76.164954
76.714954
77.264954
78.879754
80.764954
81.314954
81.864954
82.414954
82.964954
83.514954
84.064954
84.614954
85.179754
87.329754
87.879754
88.429754
88.979754
91.114954
91.679754
92.229754
92.764954
93.314954
93.864954
94.414954
94.964954
95.514954
96.064954
96.614954
97.164954
97.714954
98.279754
98.829754
100.414954
102.329754
104.464954
105.014954
105.564954
106.114954
108.264954
108.814954
109.364954
109.914954
110.464954
111.014954
111.564954
112.114954
112.664954
113.214954
113.764954
114.314954
114.864954
115.414954
115.964954
116.529754
117.064954
117.614954
118.164954
118.714954
119.264954
119.814954
120.364954
122.514954
123.064954
123.614954
124.164954
124.714954
125.264954
125.814954
126.364954
126.914954
128.514954
129.064954
130.964954
131.514954
132.064954
132.614954
133.164954
133.714954
134.264954
134.814954
135.364954
135.914954
136.464954
137.014954
137.564954
138.114954
138.664954
139.214954
139.764954
140.314954
140.864954
141.414954
141.964954
142.514954
143.064954
143.614954
144.164954
144.714954
146.879754
147.429754
147.979754
148.544554
149.094554
149.644554
150.194554
150.744554
151.279754
151.829754
152.379754
154.529754
155.079754
155.629754
156.179754
156.729754
157.279754
157.829754
158.364954
158.914954
159.464954
160.014954
160.564954
161.114954
163.264954
163.814954
164.364954
164.914954
167.064954
167.614954
169.764954
170.314954
170.864954
171.414954
171.964954
172.514954
173.064954
173.614954
174.164954
174.714954
175.264954
175.814954
176.379754
176.929754
177.494554
178.044554
178.579754
179.129754
179.679754
180.214954
180.764954
182.379754
182.929754
183.479754
185.064954
185.614954
186.164954
186.714954
187.264954
187.814954
188.364954
188.914954
189.479754
190.029754
190.579754
191.129754
191.679754
192.229754
192.779754
193.329754
193.879754
194.429754
194.964954
195.514954
196.064954
196.614954
197.164954
197.714954
198.279754
198.829754
199.364954
199.914954
