0.000000
0.000000
0.000000
0.000000
0.000000
0.000000
0.000000
6.663866
6.668506
6.673146
6.663866
6.677786
6.668506
6.673146
6.663866
6.677786
6.668506
6.673146
6.663866
6.677786
6.668506
6.673146
6.663866
6.677786
6.668506
6.673146
6.663866
6.677786
6.668506
6.673146
6.663866
6.677786
6.668506
6.673146
6.677786
0.000000
7.213866
7.218506
7.223146
7.227786
0.000000
8.313866
8.318506
8.323146
8.327786
0.000000
9.413866
9.418506
9.423146
9.427786
0.000000
10.513866
10.518506
10.523146
10.527786
0.000000
11.613866
11.618506
11.623146
11.627786
0.000000
12.163866
12.168506
12.173146
12.177786
0.000000
13.263866
13.268506
13.273146
13.277786
0.000000
14.363866
14.368506
14.373146
14.377786
0.000000
15.463866
15.468506
15.473146
15.477786
0.000000
16.563866
16.568506
16.573146
16.577786
0.000000
17.113866
17.118506
17.123146
17.127786
0.000000
18.213866
18.218506
18.223146
18.227786
0.000000
19.313866
19.318506
19.323146
19.327786
0.000000
20.413866
20.418506
20.423146
20.427786
0.000000
21.513866
21.518506
21.523146
21.527786
0.000000
22.613866
22.618506
22.623146
22.627786
0.000000
23.163866
23.168506
23.173146
23.177786
0.000000
24.263866
24.268506
24.273146
24.277786
0.000000
25.363866
25.368506
25.373146
25.377786
0.000000
26.463866
26.468506
26.473146
26.477786
0.000000
27.563866
27.568506
27.573146
27.577786
0.000000
28.113866
28.118506
28.123146
28.127786
0.000000
29.213866
29.218506
29.223146
29.227786
0.000000
30.313866
30.318506
30.323146
30.327786
0.000000
31.413866
31.418506
31.423146
31.427786
0.000000
32.513866
32.518506
32.523146
32.527786
0.000000
33.613866
33.618506
33.623146
33.627786
0.000000
34.163866
34.168506
34.173146
34.177786
0.000000
35.263866
35.268506
35.273146
35.277786
0.000000
36.363866
36.368506
36.373146
36.377786
0.000000
37.463866
37.468506
37.473146
37.477786
0.000000
38.563866
38.568506
38.573146
38.577786
0.000000
39.113866
39.118506
39.123146
39.127786
0.000000
40.213866
40.218506
40.223146
40.227786
0.000000
41.313866
41.318506
41.323146
41.327786
0.000000
42.413866
42.418506
42.423146
42.427786
0.000000
43.513866
43.518506
43.523146
43.527786
0.000000
44.613866
44.618506
44.623146
44.627786
0.000000
45.163866
45.168506
45.173146
45.177786
0.000000
46.263866
46.268506
46.273146
46.277786
0.000000
47.363866
47.368506
47.373146
47.377786
0.000000
48.463866
48.468506
48.473146
48.477786
0.000000
49.563866
49.568506
49.573146
49.577786
0.000000
50.113866
50.118506
50.123146
50.127786
0.000000
51.213866
51.218506
51.223146
51.227786
0.000000
52.313866
52.318506
52.323146
52.327786
0.000000
53.413866
53.418506
53.423146
53.427786
0.000000
54.513866
54.518506
54.523146
54.527786
0.000000
55.613866
55.618506
55.623146
55.627786
0.000000
56.163866
56.168506
56.173146
56.177786
0.000000
57.263866
57.268506
57.273146
57.277786
0.000000
58.363866
58.368506
58.373146
58.377786
0.000000
59.463866
59.468506
59.473146
59.477786
0.000000
60.563866
60.568506
60.573146
60.577786
0.000000
61.113866
61.118506
61.123146
61.127786
0.000000
62.213866
62.218506
62.223146
62.227786
0.000000
63.313866
63.318506
63.323146
63.327786
0.000000
64.413866
64.418506
64.423146
64.427786
0.000000
65.513866
65.518506
65.523146
65.527786
0.000000
66.613866
66.618506
66.623146
66.627786
0.000000
67.163866
67.168506
67.173146
67.177786
0.000000
68.263866
68.268506
68.273146
68.277786
0.000000
69.363866
69.368506
69.373146
69.377786
0.000000
70.463866
70.468506
70.473146
70.477786
0.000000
71.563866
71.568506
71.573146
71.577786
0.000000
72.113866
72.118506
72.123146
72.127786
0.000000
73.213866
73.218506
73.223146
73.227786
0.000000
74.313866
74.318506
74.323146
74.327786
0.000000
75.413866
75.418506
75.423146
75.427786
0.000000
76.513866
76.518506
76.523146
76.527786
0.000000
77.613866
77.618506
77.623146
77.627786
0.000000
78.163866
78.168506
78.173146
78.177786
0.000000
79.263866
79.268506
79.273146
79.277786
0.000000
80.363866
80.368506
80.373146
80.377786
0.000000
81.463866
81.468506
81.473146
81.477786
0.000000
82.563866
82.568506
82.573146
82.577786
0.000000
83.113866
83.118506
83.123146
83.127786
0.000000
84.213866
84.218506
84.223146
84.227786
0.000000
85.313866
85.318506
85.323146
85.327786
0.000000
86.413866
86.418506
86.423146
86.427786
0.000000
87.513866
87.518506
87.523146
87.527786
0.000000
88.613866
88.618506
88.623146
88.627786
0.000000
89.163866
89.168506
89.173146
89.177786
0.000000
90.263866
90.268506
90.273146
90.277786
0.000000
91.363866
91.368506
91.373146
91.377786
0.000000
92.463866
92.468506
92.473146
92.477786
0.000000
93.563866
93.568506
93.573146
93.577786
0.000000
94.113866
94.118506
94.123146
94.127786
0.000000
95.213866
95.218506
95.223146
95.227786
0.000000
96.313866
96.318506
96.323146
96.327786
0.000000
97.413866
97.418506
97.423146
97.427786
0.000000
98.518506
98.523146
98.527786
98.513866
0.000000
99.613866
99.618506
99.623146
99.627786
