61.500000
61.500000
61.500000
61.500000
61.500000
61.500000
61.500000
61.500000
61.500000
61.500000
61.500000
61.500000
61.500000
61.500000
61.500000
61.500000
61.500000
61.500000
61.500000
61.500000
61.500000
61.500000
61.500000
61.500000
61.500000
61.500000
61.500000
61.500000
61.500000
62.100000
63.100000
64.100000
65.100000
66.100000
67.100000
68.100000
69.100000
70.100000
71.100000
72.100000
73.100000
74.100000
75.100000
76.100000
77.100000
78.100000
79.100000
80.100000
81.100000
82.100000
83.100000
84.100000
85.100000
86.100000
87.100000
88.100000
89.100000
90.100000
91.100000
92.100000
93.100000
94.100000
95.100000
96.100000
97.100000
98.100000
99.100000
