6.500000
6.500000
6.500000
6.500000
6.500000
6.500000
6.500000
6.500000
6.500000
6.500000
6.500000
6.500000
6.500000
6.500000
6.500000
6.500000
6.500000
6.500000
6.500000
6.500000
6.667713
6.681553
6.695393
6.709233
6.723073
6.736913
6.750753
6.784339
6.798179
7.100000
7.231553
7.241677
7.333627
7.857567
7.871407
7.885247
7.899087
7.912927
7.926767
7.940607
8.100000
8.341677
8.433627
8.438267
9.100000
9.441677
9.533627
9.538267
10.050943
10.100000
10.541677
10.633627
10.638267
11.100000
11.183627
11.188267
11.641677
12.100000
12.191677
12.283627
13.100000
13.291677
13.883627
13.897467
13.933627
14.100000
14.391677
14.483627
15.100000
15.491677
15.583627
16.033627
16.047467
16.100000
16.147467
16.179977
16.193817
16.207657
16.221497
16.263017
16.276857
16.583627
16.591677
17.100000
17.133627
17.243584
17.691677
18.100000
18.241677
18.283969
18.297809
18.311649
18.325489
18.333627
18.783627
18.861649
19.100000
19.333627
19.341677
19.383969
19.993584
20.100000
20.433627
20.441684
21.033969
21.083627
21.100000
21.533627
21.541706
21.633627
22.100000
22.133969
22.147809
22.633627
22.641740
23.100000
23.183627
23.807424
23.821264
24.100000
24.267736
24.281577
24.283627
24.288457
24.302297
25.100000
25.367787
26.100000
26.433627
26.447467
26.483627
26.497467
27.033627
27.100000
27.533627
27.593584
28.100000
28.143584
28.643584
29.100000
29.183627
29.243584
30.100000
30.283627
30.348704
30.362544
30.376384
31.100000
31.383627
32.100000
32.488267
32.512064
32.525904
32.539744
32.553584
32.567424
32.581264
32.651083
32.664923
32.692603
32.706443
32.720283
32.734123
32.747963
33.100000
33.583627
34.100000
34.133627
34.283969
34.297809
34.647467
34.661307
34.688987
34.702827
34.847809
35.100000
35.197467
35.211307
35.236059
36.100000
36.293584
36.333627
36.997809
