37.100000
37.233627
37.247467
37.333627
38.100000
38.333627
38.433627
39.100000
39.433627
39.543584
39.583969
39.597809
39.611649
40.100000
40.533627
41.100000
41.193584
41.207424
41.738457
42.100000
42.133627
42.147467
42.288457
42.293584
42.302297
43.100000
43.393584
44.100000
44.333731
44.347571
44.493584
45.100000
45.433627
45.593584
46.100000
46.383969
46.397809
46.425489
46.533627
47.100000
47.183627
47.197467
47.633627
48.100000
48.183627
48.533969
48.561649
48.833627
49.100000
49.283627
49.383627
50.100000
50.393584
50.483627
50.697809
50.711649
50.725489
51.100000
51.583627
51.783969
52.100000
52.147467
52.847467
53.100000
53.233627
53.383627
53.397467
53.693727
53.707567
54.100000
54.333627
54.483627
55.100000
55.448273
55.583627
56.100000
56.543584
56.883969
56.911649
57.100000
57.643584
57.733627
58.100000
58.193584
58.297467
58.311307
58.483969
58.497809
58.511649
59.100000
59.293584
59.383627
60.100000
60.393584
60.483627
61.100000
61.683969
61.697809
61.711649
62.043584
62.100000
62.593584
62.633627
62.647467
63.100000
63.183627
64.100000
64.233627
64.498427
64.512267
65.100000
65.333627
65.598427
66.100000
66.433627
67.100000
67.198427
67.212267
68.033627
68.100000
68.433969
68.447809
68.475489
68.503169
68.517009
68.583627
69.100000
69.133627
69.348427
69.362267
69.547809
69.589329
70.100000
70.233627
70.933627
71.100000
71.498427
71.683969
71.697809
71.711649
72.100000
72.247809
72.583627
72.683627
72.697467
73.100000
73.133627
73.248224
74.100000
74.233627
75.100000
75.383627
75.397467
76.100000
76.383627
76.397467
77.100000
77.112609
77.126449
77.140289
77.483627
77.533627
77.547467
77.662609
78.100000
78.583627
78.643584
79.100000
79.133627
79.183627
79.797809
79.811649
80.100000
80.233731
80.283627
81.100000
81.333627
81.383627
